[[[ 0.    0.    0.    0.    0.    0.    0.    0.  ]
  [ 0.    0.    0.    0.    0.    0.    0.    0.  ]
  [ 0.    0.    0.    0.    0.    0.    0.    0.  ]
  [ 0.    0.    0.    0.    0.    0.    0.    0.  ]
  [ 0.    0.    0.    0.    0.    0.    0.    0.  ]
  [ 0.    0.    0.    0.    0.    0.    0.    0.  ]
  [ 0.    0.    0.    0.    0.    0.    0.    0.  ]
  [ 0.    0.    0.    0.    0.    0.    0.    0.  ]
  [ 0.    0.    0.    0.    0.    0.    0.    0.  ]
  [ 0.    0.    0.    0.    0.    0.    0.    0.  ]
  [ 0.    0.    0.    0.    0.    0.    0.    0.  ]
  [ 0.    0.    0.    0.    0.    0.    0.    0.  ]
  [ 0.    0.    0.    0.    0.    0.    0.    0.  ]
  [ 0.    0.    0.    0.    0.    0.    0.    0.  ]
  [ 0.    0.    0.    0.    0.    0.    0.    0.  ]
  [ 0.    0.    0.    0.    0.    0.    0.    0.  ]
  [ 0.    0.    0.    0.    0.    0.    0.    0.  ]
  [ 0.    0.    0.    0.    0.    0.    0.    0.  ]
  [ 0.    0.    0.    0.    0.    0.    0.    0.  ]]

 [[ 0.    0.    0.    0.    0.    0.    0.    0.  ]
  [ 0.    0.    0.    0.    0.    0.    0.    0.  ]
  [ 0.    0.    0.    0.    0.    0.    0.    0.  ]
  [ 0.    0.    0.    0.    0.    0.    0.    0.  ]
  [ 0.    0.    0.    0.    0.    0.    0.    0.  ]
  [ 0.    0.    0.    0.    0.    0.    0.    0.  ]
  [ 1.    0.32  0.11  1.58  4.32 -5.83 -0.87 -0.28]
  [ 0.    0.    0.    0.    0.    0.    0.    0.  ]
  [ 0.    0.    0.    0.    0.    0.    0.    0.  ]
  [ 0.    0.    0.    0.    0.    0.    0.    0.  ]
  [ 0.    0.    0.    0.    0.    0.    0.    0.  ]
  [ 0.    0.    0.    0.    0.    0.    0.    0.  ]
  [ 0.    0.    0.    0.    0.    0.    0.    0.  ]
  [ 0.    0.    0.    0.    0.    0.    0.    0.  ]
  [ 0.    0.    0.    0.    0.    0.    0.    0.  ]
  [ 0.    0.    0.    0.    0.    0.    0.    0.  ]
  [ 0.    0.    0.    0.    0.    0.    0.    0.  ]
  [ 0.    0.    0.    0.    0.    0.    0.    0.  ]
  [ 0.    0.    0.    0.    0.    0.    0.    0.  ]]

 [[ 0.    0.    0.    0.    0.    0.    0.    0.  ]
  [ 0.    0.    0.    0.    0.    0.    0.    0.  ]
  [ 0.    0.    0.    0.    0.    0.    0.    0.  ]
  [ 0.    0.    0.    0.    0.    0.    0.    0.  ]
  [ 0.    0.    0.    0.    0.    0.    0.    0.  ]
  [ 1.    0.42  0.79  1.32  4.42 -5.83 -0.87 -0.28]
  [ 0.    0.    0.    0.    0.    0.    0.    0.  ]
  [ 0.    0.    0.    0.    0.    0.    0.    0.  ]
  [ 0.    0.    0.    0.    0.    0.    0.    0.  ]
  [ 0.    0.    0.    0.    0.    0.    0.    0.  ]
  [ 0.    0.    0.    0.    0.    0.    0.    0.  ]
  [ 0.    0.    0.    0.    0.    0.    0.    0.  ]
  [ 0.    0.    0.    0.    0.    0.    0.    0.  ]
  [ 0.    0.    0.    0.    0.    0.    0.    0.  ]
  [ 0.    0.    0.    0.    0.    0.    0.    0.  ]
  [ 0.    0.    0.    0.    0.    0.    0.    0.  ]
  [ 0.    0.    0.    0.    0.    0.    0.    0.  ]
  [ 0.    0.    0.    0.    0.    0.    0.    0.  ]
  [ 0.    0.    0.    0.    0.    0.    0.    0.  ]]

 [[ 0.    0.    0.    0.    0.    0.    0.    0.  ]
  [ 0.    0.    0.    0.    0.    0.    0.    0.  ]
  [ 0.    0.    0.    0.    0.    0.    0.    0.  ]
  [ 0.    0.    0.    0.    0.    0.    0.    0.  ]
  [ 0.    0.    0.    0.    0.    0.    0.    0.  ]
  [ 0.    0.    0.    0.    0.    0.    0.    0.  ]
  [ 0.    0.    0.    0.    0.    0.    0.    0.  ]
  [ 0.    0.    0.    0.    0.    0.    0.    0.  ]
  [ 0.    0.    0.    0.    0.    0.    0.    0.  ]
  [ 0.    0.    0.    0.    0.    0.    0.    0.  ]
  [ 0.    0.    0.    0.    0.    0.    0.    0.  ]
  [ 0.    0.    0.    0.    0.    0.    0.    0.  ]
  [ 0.    0.    0.    0.    0.    0.    0.    0.  ]
  [ 0.    0.    0.    0.    0.    0.    0.    0.  ]
  [ 0.    0.    0.    0.    0.    0.    0.    0.  ]
  [ 0.    0.    0.    0.    0.    0.    0.    0.  ]
  [ 0.    0.    0.    0.    0.    0.    0.    0.  ]
  [ 0.    0.    0.    0.    0.    0.    0.    0.  ]
  [ 0.    0.    0.    0.    0.    0.    0.    0.  ]]

 [[ 0.    0.    0.    0.    0.    0.    0.    0.  ]
  [ 0.    0.    0.    0.    0.    0.    0.    0.  ]
  [ 0.    0.    0.    0.    0.    0.    0.    0.  ]
  [ 0.    0.    0.    0.    0.    0.    0.    0.  ]
  [ 0.    0.    0.    0.    0.    0.    0.    0.  ]
  [ 0.    0.    0.    0.    0.    0.    0.    0.  ]
  [ 0.    0.    0.    0.    0.    0.    0.    0.  ]
  [ 0.    0.    0.    0.    0.    0.    0.    0.  ]
  [ 0.    0.    0.    0.    0.    0.    0.    0.  ]
  [ 0.    0.    0.    0.    0.    0.    0.    0.  ]
  [ 0.    0.    0.    0.    0.    0.    0.    0.  ]
  [ 0.    0.    0.    0.    0.    0.    0.    0.  ]
  [ 0.    0.    0.    0.    0.    0.    0.    0.  ]
  [ 0.    0.    0.    0.    0.    0.    0.    0.  ]
  [ 0.    0.    0.    0.    0.    0.    0.    0.  ]
  [ 0.    0.    0.    0.    0.    0.    0.    0.  ]
  [ 0.    0.    0.    0.    0.    0.    0.    0.  ]
  [ 0.    0.    0.    0.    0.    0.    0.    0.  ]
  [ 0.    0.    0.    0.    0.    0.    0.    0.  ]]

 [[ 0.    0.    0.    0.    0.    0.    0.    0.  ]
  [ 0.    0.    0.    0.    0.    0.    0.    0.  ]
  [ 0.    0.    0.    0.    0.    0.    0.    0.  ]
  [ 0.    0.    0.    0.    0.    0.    0.    0.  ]
  [ 0.    0.    0.    0.    0.    0.    0.    0.  ]
  [ 0.    0.    0.    0.    0.    0.    0.    0.  ]
  [ 1.    0.26  0.53  1.26  2.79 -5.83 -0.87 -0.28]
  [ 0.    0.    0.    0.    0.    0.    0.    0.  ]
  [ 0.    0.    0.    0.    0.    0.    0.    0.  ]
  [ 0.    0.    0.    0.    0.    0.    0.    0.  ]
  [ 0.    0.    0.    0.    0.    0.    0.    0.  ]
  [ 0.    0.    0.    0.    0.    0.    0.    0.  ]
  [ 0.    0.    0.    0.    0.    0.    0.    0.  ]
  [ 0.    0.    0.    0.    0.    0.    0.    0.  ]
  [ 0.    0.    0.    0.    0.    0.    0.    0.  ]
  [ 0.    0.    0.    0.    0.    0.    0.    0.  ]
  [ 0.    0.    0.    0.    0.    0.    0.    0.  ]
  [ 0.    0.    0.    0.    0.    0.    0.    0.  ]
  [ 0.    0.    0.    0.    0.    0.    0.    0.  ]]

 [[ 0.    0.    0.    0.    0.    0.    0.    0.  ]
  [ 0.    0.    0.    0.    0.    0.    0.    0.  ]
  [ 0.    0.    0.    0.    0.    0.    0.    0.  ]
  [ 0.    0.    0.    0.    0.    0.    0.    0.  ]
  [ 0.    0.    0.    0.    0.    0.    0.    0.  ]
  [ 0.    0.    0.    0.    0.    0.    0.    0.  ]
  [ 1.    0.79  0.58  1.32  3.42 -5.83 -0.87 -0.28]
  [ 0.    0.    0.    0.    0.    0.    0.    0.  ]
  [ 0.    0.    0.    0.    0.    0.    0.    0.  ]
  [ 0.    0.    0.    0.    0.    0.    0.    0.  ]
  [ 0.    0.    0.    0.    0.    0.    0.    0.  ]
  [ 0.    0.    0.    0.    0.    0.    0.    0.  ]
  [ 0.    0.    0.    0.    0.    0.    0.    0.  ]
  [ 0.    0.    0.    0.    0.    0.    0.    0.  ]
  [ 0.    0.    0.    0.    0.    0.    0.    0.  ]
  [ 0.    0.    0.    0.    0.    0.    0.    0.  ]
  [ 0.    0.    0.    0.    0.    0.    0.    0.  ]
  [ 0.    0.    0.    0.    0.    0.    0.    0.  ]
  [ 0.    0.    0.    0.    0.    0.    0.    0.  ]]

 [[ 0.    0.    0.    0.    0.    0.    0.    0.  ]
  [ 0.    0.    0.    0.    0.    0.    0.    0.  ]
  [ 0.    0.    0.    0.    0.    0.    0.    0.  ]
  [ 0.    0.    0.    0.    0.    0.    0.    0.  ]
  [ 0.    0.    0.    0.    0.    0.    0.    0.  ]
  [ 0.    0.    0.    0.    0.    0.    0.    0.  ]
  [ 0.    0.    0.    0.    0.    0.    0.    0.  ]
  [ 0.    0.    0.    0.    0.    0.    0.    0.  ]
  [ 0.    0.    0.    0.    0.    0.    0.    0.  ]
  [ 0.    0.    0.    0.    0.    0.    0.    0.  ]
  [ 0.    0.    0.    0.    0.    0.    0.    0.  ]
  [ 0.    0.    0.    0.    0.    0.    0.    0.  ]
  [ 0.    0.    0.    0.    0.    0.    0.    0.  ]
  [ 0.    0.    0.    0.    0.    0.    0.    0.  ]
  [ 0.    0.    0.    0.    0.    0.    0.    0.  ]
  [ 0.    0.    0.    0.    0.    0.    0.    0.  ]
  [ 0.    0.    0.    0.    0.    0.    0.    0.  ]
  [ 0.    0.    0.    0.    0.    0.    0.    0.  ]
  [ 0.    0.    0.    0.    0.    0.    0.    0.  ]]

 [[ 0.    0.    0.    0.    0.    0.    0.    0.  ]
  [ 0.    0.    0.    0.    0.    0.    0.    0.  ]
  [ 0.    0.    0.    0.    0.    0.    0.    0.  ]
  [ 0.    0.    0.    0.    0.    0.    0.    0.  ]
  [ 0.    0.    0.    0.    0.    0.    0.    0.  ]
  [ 0.    0.    0.    0.    0.    0.    0.    0.  ]
  [ 1.    0.58  0.42  1.79  4.68 -5.83 -0.87 -0.28]
  [ 0.    0.    0.    0.    0.    0.    0.    0.  ]
  [ 0.    0.    0.    0.    0.    0.    0.    0.  ]
  [ 0.    0.    0.    0.    0.    0.    0.    0.  ]
  [ 0.    0.    0.    0.    0.    0.    0.    0.  ]
  [ 0.    0.    0.    0.    0.    0.    0.    0.  ]
  [ 0.    0.    0.    0.    0.    0.    0.    0.  ]
  [ 0.    0.    0.    0.    0.    0.    0.    0.  ]
  [ 0.    0.    0.    0.    0.    0.    0.    0.  ]
  [ 0.    0.    0.    0.    0.    0.    0.    0.  ]
  [ 0.    0.    0.    0.    0.    0.    0.    0.  ]
  [ 0.    0.    0.    0.    0.    0.    0.    0.  ]
  [ 0.    0.    0.    0.    0.    0.    0.    0.  ]]

 [[ 0.    0.    0.    0.    0.    0.    0.    0.  ]
  [ 0.    0.    0.    0.    0.    0.    0.    0.  ]
  [ 0.    0.    0.    0.    0.    0.    0.    0.  ]
  [ 0.    0.    0.    0.    0.    0.    0.    0.  ]
  [ 0.    0.    0.    0.    0.    0.    0.    0.  ]
  [ 0.    0.    0.    0.    0.    0.    0.    0.  ]
  [ 0.    0.    0.    0.    0.    0.    0.    0.  ]
  [ 0.    0.    0.    0.    0.    0.    0.    0.  ]
  [ 0.    0.    0.    0.    0.    0.    0.    0.  ]
  [ 0.    0.    0.    0.    0.    0.    0.    0.  ]
  [ 0.    0.    0.    0.    0.    0.    0.    0.  ]
  [ 0.    0.    0.    0.    0.    0.    0.    0.  ]
  [ 0.    0.    0.    0.    0.    0.    0.    0.  ]
  [ 0.    0.    0.    0.    0.    0.    0.    0.  ]
  [ 0.    0.    0.    0.    0.    0.    0.    0.  ]
  [ 0.    0.    0.    0.    0.    0.    0.    0.  ]
  [ 0.    0.    0.    0.    0.    0.    0.    0.  ]
  [ 0.    0.    0.    0.    0.    0.    0.    0.  ]
  [ 0.    0.    0.    0.    0.    0.    0.    0.  ]]

 [[ 0.    0.    0.    0.    0.    0.    0.    0.  ]
  [ 0.    0.    0.    0.    0.    0.    0.    0.  ]
  [ 0.    0.    0.    0.    0.    0.    0.    0.  ]
  [ 0.    0.    0.    0.    0.    0.    0.    0.  ]
  [ 0.    0.    0.    0.    0.    0.    0.    0.  ]
  [ 0.    0.    0.    0.    0.    0.    0.    0.  ]
  [ 1.    0.68  0.63  2.21  7.16 -5.83 -0.87 -0.28]
  [ 0.    0.    0.    0.    0.    0.    0.    0.  ]
  [ 0.    0.    0.    0.    0.    0.    0.    0.  ]
  [ 0.    0.    0.    0.    0.    0.    0.    0.  ]
  [ 0.    0.    0.    0.    0.    0.    0.    0.  ]
  [ 0.    0.    0.    0.    0.    0.    0.    0.  ]
  [ 0.    0.    0.    0.    0.    0.    0.    0.  ]
  [ 0.    0.    0.    0.    0.    0.    0.    0.  ]
  [ 0.    0.    0.    0.    0.    0.    0.    0.  ]
  [ 0.    0.    0.    0.    0.    0.    0.    0.  ]
  [ 0.    0.    0.    0.    0.    0.    0.    0.  ]
  [ 0.    0.    0.    0.    0.    0.    0.    0.  ]
  [ 0.    0.    0.    0.    0.    0.    0.    0.  ]]

 [[ 0.    0.    0.    0.    0.    0.    0.    0.  ]
  [ 0.    0.    0.    0.    0.    0.    0.    0.  ]
  [ 0.    0.    0.    0.    0.    0.    0.    0.  ]
  [ 0.    0.    0.    0.    0.    0.    0.    0.  ]
  [ 0.    0.    0.    0.    0.    0.    0.    0.  ]
  [ 0.    0.    0.    0.    0.    0.    0.    0.  ]
  [ 0.    0.    0.    0.    0.    0.    0.    0.  ]
  [ 0.    0.    0.    0.    0.    0.    0.    0.  ]
  [ 0.    0.    0.    0.    0.    0.    0.    0.  ]
  [ 0.    0.    0.    0.    0.    0.    0.    0.  ]
  [ 0.    0.    0.    0.    0.    0.    0.    0.  ]
  [ 0.    0.    0.    0.    0.    0.    0.    0.  ]
  [ 0.    0.    0.    0.    0.    0.    0.    0.  ]
  [ 0.    0.    0.    0.    0.    0.    0.    0.  ]
  [ 0.    0.    0.    0.    0.    0.    0.    0.  ]
  [ 0.    0.    0.    0.    0.    0.    0.    0.  ]
  [ 0.    0.    0.    0.    0.    0.    0.    0.  ]
  [ 0.    0.    0.    0.    0.    0.    0.    0.  ]
  [ 0.    0.    0.    0.    0.    0.    0.    0.  ]]

 [[ 0.    0.    0.    0.    0.    0.    0.    0.  ]
  [ 0.    0.    0.    0.    0.    0.    0.    0.  ]
  [ 0.    0.    0.    0.    0.    0.    0.    0.  ]
  [ 0.    0.    0.    0.    0.    0.    0.    0.  ]
  [ 0.    0.    0.    0.    0.    0.    0.    0.  ]
  [ 0.    0.    0.    0.    0.    0.    0.    0.  ]
  [ 0.    0.    0.    0.    0.    0.    0.    0.  ]
  [ 0.    0.    0.    0.    0.    0.    0.    0.  ]
  [ 0.    0.    0.    0.    0.    0.    0.    0.  ]
  [ 0.    0.    0.    0.    0.    0.    0.    0.  ]
  [ 0.    0.    0.    0.    0.    0.    0.    0.  ]
  [ 0.    0.    0.    0.    0.    0.    0.    0.  ]
  [ 0.    0.    0.    0.    0.    0.    0.    0.  ]
  [ 0.    0.    0.    0.    0.    0.    0.    0.  ]
  [ 0.    0.    0.    0.    0.    0.    0.    0.  ]
  [ 0.    0.    0.    0.    0.    0.    0.    0.  ]
  [ 0.    0.    0.    0.    0.    0.    0.    0.  ]
  [ 0.    0.    0.    0.    0.    0.    0.    0.  ]
  [ 0.    0.    0.    0.    0.    0.    0.    0.  ]]

 [[ 0.    0.    0.    0.    0.    0.    0.    0.  ]
  [ 0.    0.    0.    0.    0.    0.    0.    0.  ]
  [ 0.    0.    0.    0.    0.    0.    0.    0.  ]
  [ 0.    0.    0.    0.    0.    0.    0.    0.  ]
  [ 0.    0.    0.    0.    0.    0.    0.    0.  ]
  [ 0.    0.    0.    0.    0.    0.    0.    0.  ]
  [ 0.    0.    0.    0.    0.    0.    0.    0.  ]
  [ 0.    0.    0.    0.    0.    0.    0.    0.  ]
  [ 0.    0.    0.    0.    0.    0.    0.    0.  ]
  [ 0.    0.    0.    0.    0.    0.    0.    0.  ]
  [ 0.    0.    0.    0.    0.    0.    0.    0.  ]
  [ 0.    0.    0.    0.    0.    0.    0.    0.  ]
  [ 0.    0.    0.    0.    0.    0.    0.    0.  ]
  [ 0.    0.    0.    0.    0.    0.    0.    0.  ]
  [ 0.    0.    0.    0.    0.    0.    0.    0.  ]
  [ 0.    0.    0.    0.    0.    0.    0.    0.  ]
  [ 0.    0.    0.    0.    0.    0.    0.    0.  ]
  [ 0.    0.    0.    0.    0.    0.    0.    0.  ]
  [ 0.    0.    0.    0.    0.    0.    0.    0.  ]]

 [[ 0.    0.    0.    0.    0.    0.    0.    0.  ]
  [ 0.    0.    0.    0.    0.    0.    0.    0.  ]
  [ 0.    0.    0.    0.    0.    0.    0.    0.  ]
  [ 0.    0.    0.    0.    0.    0.    0.    0.  ]
  [ 0.    0.    0.    0.    0.    0.    0.    0.  ]
  [ 0.    0.    0.    0.    0.    0.    0.    0.  ]
  [ 0.    0.    0.    0.    0.    0.    0.    0.  ]
  [ 0.    0.    0.    0.    0.    0.    0.    0.  ]
  [ 0.    0.    0.    0.    0.    0.    0.    0.  ]
  [ 0.    0.    0.    0.    0.    0.    0.    0.  ]
  [ 0.    0.    0.    0.    0.    0.    0.    0.  ]
  [ 0.    0.    0.    0.    0.    0.    0.    0.  ]
  [ 0.    0.    0.    0.    0.    0.    0.    0.  ]
  [ 0.    0.    0.    0.    0.    0.    0.    0.  ]
  [ 0.    0.    0.    0.    0.    0.    0.    0.  ]
  [ 0.    0.    0.    0.    0.    0.    0.    0.  ]
  [ 0.    0.    0.    0.    0.    0.    0.    0.  ]
  [ 0.    0.    0.    0.    0.    0.    0.    0.  ]
  [ 0.    0.    0.    0.    0.    0.    0.    0.  ]]

 [[ 0.    0.    0.    0.    0.    0.    0.    0.  ]
  [ 0.    0.    0.    0.    0.    0.    0.    0.  ]
  [ 0.    0.    0.    0.    0.    0.    0.    0.  ]
  [ 0.    0.    0.    0.    0.    0.    0.    0.  ]
  [ 0.    0.    0.    0.    0.    0.    0.    0.  ]
  [ 0.    0.    0.    0.    0.    0.    0.    0.  ]
  [ 0.    0.    0.    0.    0.    0.    0.    0.  ]
  [ 0.    0.    0.    0.    0.    0.    0.    0.  ]
  [ 0.    0.    0.    0.    0.    0.    0.    0.  ]
  [ 0.    0.    0.    0.    0.    0.    0.    0.  ]
  [ 0.    0.    0.    0.    0.    0.    0.    0.  ]
  [ 0.    0.    0.    0.    0.    0.    0.    0.  ]
  [ 0.    0.    0.    0.    0.    0.    0.    0.  ]
  [ 0.    0.    0.    0.    0.    0.    0.    0.  ]
  [ 0.    0.    0.    0.    0.    0.    0.    0.  ]
  [ 0.    0.    0.    0.    0.    0.    0.    0.  ]
  [ 0.    0.    0.    0.    0.    0.    0.    0.  ]
  [ 0.    0.    0.    0.    0.    0.    0.    0.  ]
  [ 0.    0.    0.    0.    0.    0.    0.    0.  ]]

 [[ 0.    0.    0.    0.    0.    0.    0.    0.  ]
  [ 0.    0.    0.    0.    0.    0.    0.    0.  ]
  [ 0.    0.    0.    0.    0.    0.    0.    0.  ]
  [ 0.    0.    0.    0.    0.    0.    0.    0.  ]
  [ 0.    0.    0.    0.    0.    0.    0.    0.  ]
  [ 0.    0.    0.    0.    0.    0.    0.    0.  ]
  [ 0.    0.    0.    0.    0.    0.    0.    0.  ]
  [ 0.    0.    0.    0.    0.    0.    0.    0.  ]
  [ 0.    0.    0.    0.    0.    0.    0.    0.  ]
  [ 0.    0.    0.    0.    0.    0.    0.    0.  ]
  [ 0.    0.    0.    0.    0.    0.    0.    0.  ]
  [ 0.    0.    0.    0.    0.    0.    0.    0.  ]
  [ 0.    0.    0.    0.    0.    0.    0.    0.  ]
  [ 0.    0.    0.    0.    0.    0.    0.    0.  ]
  [ 0.    0.    0.    0.    0.    0.    0.    0.  ]
  [ 0.    0.    0.    0.    0.    0.    0.    0.  ]
  [ 0.    0.    0.    0.    0.    0.    0.    0.  ]
  [ 0.    0.    0.    0.    0.    0.    0.    0.  ]
  [ 0.    0.    0.    0.    0.    0.    0.    0.  ]]

 [[ 0.    0.    0.    0.    0.    0.    0.    0.  ]
  [ 0.    0.    0.    0.    0.    0.    0.    0.  ]
  [ 0.    0.    0.    0.    0.    0.    0.    0.  ]
  [ 0.    0.    0.    0.    0.    0.    0.    0.  ]
  [ 0.    0.    0.    0.    0.    0.    0.    0.  ]
  [ 0.    0.    0.    0.    0.    0.    0.    0.  ]
  [ 0.    0.    0.    0.    0.    0.    0.    0.  ]
  [ 0.    0.    0.    0.    0.    0.    0.    0.  ]
  [ 0.    0.    0.    0.    0.    0.    0.    0.  ]
  [ 0.    0.    0.    0.    0.    0.    0.    0.  ]
  [ 0.    0.    0.    0.    0.    0.    0.    0.  ]
  [ 0.    0.    0.    0.    0.    0.    0.    0.  ]
  [ 0.    0.    0.    0.    0.    0.    0.    0.  ]
  [ 0.    0.    0.    0.    0.    0.    0.    0.  ]
  [ 0.    0.    0.    0.    0.    0.    0.    0.  ]
  [ 0.    0.    0.    0.    0.    0.    0.    0.  ]
  [ 0.    0.    0.    0.    0.    0.    0.    0.  ]
  [ 0.    0.    0.    0.    0.    0.    0.    0.  ]
  [ 0.    0.    0.    0.    0.    0.    0.    0.  ]]

 [[ 0.    0.    0.    0.    0.    0.    0.    0.  ]
  [ 0.    0.    0.    0.    0.    0.    0.    0.  ]
  [ 0.    0.    0.    0.    0.    0.    0.    0.  ]
  [ 0.    0.    0.    0.    0.    0.    0.    0.  ]
  [ 0.    0.    0.    0.    0.    0.    0.    0.  ]
  [ 0.    0.    0.    0.    0.    0.    0.    0.  ]
  [ 0.    0.    0.    0.    0.    0.    0.    0.  ]
  [ 0.    0.    0.    0.    0.    0.    0.    0.  ]
  [ 0.    0.    0.    0.    0.    0.    0.    0.  ]
  [ 0.    0.    0.    0.    0.    0.    0.    0.  ]
  [ 0.    0.    0.    0.    0.    0.    0.    0.  ]
  [ 0.    0.    0.    0.    0.    0.    0.    0.  ]
  [ 0.    0.    0.    0.    0.    0.    0.    0.  ]
  [ 0.    0.    0.    0.    0.    0.    0.    0.  ]
  [ 0.    0.    0.    0.    0.    0.    0.    0.  ]
  [ 0.    0.    0.    0.    0.    0.    0.    0.  ]
  [ 0.    0.    0.    0.    0.    0.    0.    0.  ]
  [ 0.    0.    0.    0.    0.    0.    0.    0.  ]
  [ 0.    0.    0.    0.    0.    0.    0.    0.  ]]]