[[[ 0.    0.    0.    0.    0.    0.    0.    0.  ]
  [ 0.    0.    0.    0.    0.    0.    0.    0.  ]
  [ 0.    0.    0.    0.    0.    0.    0.    0.  ]
  [ 0.    0.    0.    0.    0.    0.    0.    0.  ]
  [ 0.    0.    0.    0.    0.    0.    0.    0.  ]
  [ 0.    0.    0.    0.    0.    0.    0.    0.  ]
  [ 0.    0.    0.    0.    0.    0.    0.    0.  ]
  [ 0.    0.    0.    0.    0.    0.    0.    0.  ]
  [ 0.    0.    0.    0.    0.    0.    0.    0.  ]
  [ 0.    0.    0.    0.    0.    0.    0.    0.  ]
  [ 0.    0.    0.    0.    0.    0.    0.    0.  ]
  [ 0.    0.    0.    0.    0.    0.    0.    0.  ]
  [ 0.    0.    0.    0.    0.    0.    0.    0.  ]
  [ 0.    0.    0.    0.    0.    0.    0.    0.  ]
  [ 0.    0.    0.    0.    0.    0.    0.    0.  ]
  [ 0.    0.    0.    0.    0.    0.    0.    0.  ]
  [ 0.    0.    0.    0.    0.    0.    0.    0.  ]
  [ 0.    0.    0.    0.    0.    0.    0.    0.  ]
  [ 0.    0.    0.    0.    0.    0.    0.    0.  ]]

 [[ 0.    0.    0.    0.    0.    0.    0.    0.  ]
  [ 0.    0.    0.    0.    0.    0.    0.    0.  ]
  [ 0.    0.    0.    0.    0.    0.    0.    0.  ]
  [ 0.    0.    0.    0.    0.    0.    0.    0.  ]
  [ 0.    0.    0.    0.    0.    0.    0.    0.  ]
  [ 0.    0.    0.    0.    0.    0.    0.    0.  ]
  [ 0.    0.    0.    0.    0.    0.    0.    0.  ]
  [ 0.    0.    0.    0.    0.    0.    0.    0.  ]
  [ 0.    0.    0.    0.    0.    0.    0.    0.  ]
  [ 0.    0.    0.    0.    0.    0.    0.    0.  ]
  [ 0.    0.    0.    0.    0.    0.    0.    0.  ]
  [ 0.    0.    0.    0.    0.    0.    0.    0.  ]
  [ 0.    0.    0.    0.    0.    0.    0.    0.  ]
  [ 0.    0.    0.    0.    0.    0.    0.    0.  ]
  [ 0.    0.    0.    0.    0.    0.    0.    0.  ]
  [ 0.    0.    0.    0.    0.    0.    0.    0.  ]
  [ 0.    0.    0.    0.    0.    0.    0.    0.  ]
  [ 0.    0.    0.    0.    0.    0.    0.    0.  ]
  [ 0.    0.    0.    0.    0.    0.    0.    0.  ]]

 [[ 0.    0.    0.    0.    0.    0.    0.    0.  ]
  [ 0.    0.    0.    0.    0.    0.    0.    0.  ]
  [ 0.    0.    0.    0.    0.    0.    0.    0.  ]
  [ 0.    0.    0.    0.    0.    0.    0.    0.  ]
  [ 0.    0.    0.    0.    0.    0.    0.    0.  ]
  [ 0.    0.    0.    0.    0.    0.    0.    0.  ]
  [ 1.    0.05  0.11  1.26  4.   -5.74 -0.92 -0.28]
  [ 0.    0.    0.    0.    0.    0.    0.    0.  ]
  [ 0.    0.    0.    0.    0.    0.    0.    0.  ]
  [ 0.    0.    0.    0.    0.    0.    0.    0.  ]
  [ 0.    0.    0.    0.    0.    0.    0.    0.  ]
  [ 0.    0.    0.    0.    0.    0.    0.    0.  ]
  [ 0.    0.    0.    0.    0.    0.    0.    0.  ]
  [ 0.    0.    0.    0.    0.    0.    0.    0.  ]
  [ 0.    0.    0.    0.    0.    0.    0.    0.  ]
  [ 0.    0.    0.    0.    0.    0.    0.    0.  ]
  [ 0.    0.    0.    0.    0.    0.    0.    0.  ]
  [ 0.    0.    0.    0.    0.    0.    0.    0.  ]
  [ 0.    0.    0.    0.    0.    0.    0.    0.  ]]

 [[ 0.    0.    0.    0.    0.    0.    0.    0.  ]
  [ 0.    0.    0.    0.    0.    0.    0.    0.  ]
  [ 0.    0.    0.    0.    0.    0.    0.    0.  ]
  [ 0.    0.    0.    0.    0.    0.    0.    0.  ]
  [ 0.    0.    0.    0.    0.    0.    0.    0.  ]
  [ 1.    0.37  0.95  1.11  4.47 -5.74 -0.92 -0.28]
  [ 0.    0.    0.    0.    0.    0.    0.    0.  ]
  [ 0.    0.    0.    0.    0.    0.    0.    0.  ]
  [ 0.    0.    0.    0.    0.    0.    0.    0.  ]
  [ 0.    0.    0.    0.    0.    0.    0.    0.  ]
  [ 0.    0.    0.    0.    0.    0.    0.    0.  ]
  [ 0.    0.    0.    0.    0.    0.    0.    0.  ]
  [ 0.    0.    0.    0.    0.    0.    0.    0.  ]
  [ 0.    0.    0.    0.    0.    0.    0.    0.  ]
  [ 0.    0.    0.    0.    0.    0.    0.    0.  ]
  [ 0.    0.    0.    0.    0.    0.    0.    0.  ]
  [ 0.    0.    0.    0.    0.    0.    0.    0.  ]
  [ 0.    0.    0.    0.    0.    0.    0.    0.  ]
  [ 0.    0.    0.    0.    0.    0.    0.    0.  ]]

 [[ 0.    0.    0.    0.    0.    0.    0.    0.  ]
  [ 0.    0.    0.    0.    0.    0.    0.    0.  ]
  [ 0.    0.    0.    0.    0.    0.    0.    0.  ]
  [ 0.    0.    0.    0.    0.    0.    0.    0.  ]
  [ 0.    0.    0.    0.    0.    0.    0.    0.  ]
  [ 0.    0.    0.    0.    0.    0.    0.    0.  ]
  [ 0.    0.    0.    0.    0.    0.    0.    0.  ]
  [ 0.    0.    0.    0.    0.    0.    0.    0.  ]
  [ 0.    0.    0.    0.    0.    0.    0.    0.  ]
  [ 0.    0.    0.    0.    0.    0.    0.    0.  ]
  [ 0.    0.    0.    0.    0.    0.    0.    0.  ]
  [ 0.    0.    0.    0.    0.    0.    0.    0.  ]
  [ 0.    0.    0.    0.    0.    0.    0.    0.  ]
  [ 0.    0.    0.    0.    0.    0.    0.    0.  ]
  [ 0.    0.    0.    0.    0.    0.    0.    0.  ]
  [ 0.    0.    0.    0.    0.    0.    0.    0.  ]
  [ 0.    0.    0.    0.    0.    0.    0.    0.  ]
  [ 0.    0.    0.    0.    0.    0.    0.    0.  ]
  [ 0.    0.    0.    0.    0.    0.    0.    0.  ]]

 [[ 0.    0.    0.    0.    0.    0.    0.    0.  ]
  [ 0.    0.    0.    0.    0.    0.    0.    0.  ]
  [ 0.    0.    0.    0.    0.    0.    0.    0.  ]
  [ 0.    0.    0.    0.    0.    0.    0.    0.  ]
  [ 0.    0.    0.    0.    0.    0.    0.    0.  ]
  [ 0.    0.    0.    0.    0.    0.    0.    0.  ]
  [ 0.    0.    0.    0.    0.    0.    0.    0.  ]
  [ 0.    0.    0.    0.    0.    0.    0.    0.  ]
  [ 0.    0.    0.    0.    0.    0.    0.    0.  ]
  [ 0.    0.    0.    0.    0.    0.    0.    0.  ]
  [ 0.    0.    0.    0.    0.    0.    0.    0.  ]
  [ 0.    0.    0.    0.    0.    0.    0.    0.  ]
  [ 0.    0.    0.    0.    0.    0.    0.    0.  ]
  [ 0.    0.    0.    0.    0.    0.    0.    0.  ]
  [ 0.    0.    0.    0.    0.    0.    0.    0.  ]
  [ 0.    0.    0.    0.    0.    0.    0.    0.  ]
  [ 0.    0.    0.    0.    0.    0.    0.    0.  ]
  [ 0.    0.    0.    0.    0.    0.    0.    0.  ]
  [ 0.    0.    0.    0.    0.    0.    0.    0.  ]]

 [[ 0.    0.    0.    0.    0.    0.    0.    0.  ]
  [ 0.    0.    0.    0.    0.    0.    0.    0.  ]
  [ 0.    0.    0.    0.    0.    0.    0.    0.  ]
  [ 0.    0.    0.    0.    0.    0.    0.    0.  ]
  [ 0.    0.    0.    0.    0.    0.    0.    0.  ]
  [ 0.    0.    0.    0.    0.    0.    0.    0.  ]
  [ 1.    0.11  0.63  1.16  2.84 -5.74 -0.92 -0.28]
  [ 0.    0.    0.    0.    0.    0.    0.    0.  ]
  [ 0.    0.    0.    0.    0.    0.    0.    0.  ]
  [ 0.    0.    0.    0.    0.    0.    0.    0.  ]
  [ 0.    0.    0.    0.    0.    0.    0.    0.  ]
  [ 0.    0.    0.    0.    0.    0.    0.    0.  ]
  [ 0.    0.    0.    0.    0.    0.    0.    0.  ]
  [ 0.    0.    0.    0.    0.    0.    0.    0.  ]
  [ 0.    0.    0.    0.    0.    0.    0.    0.  ]
  [ 0.    0.    0.    0.    0.    0.    0.    0.  ]
  [ 0.    0.    0.    0.    0.    0.    0.    0.  ]
  [ 0.    0.    0.    0.    0.    0.    0.    0.  ]
  [ 0.    0.    0.    0.    0.    0.    0.    0.  ]]

 [[ 0.    0.    0.    0.    0.    0.    0.    0.  ]
  [ 0.    0.    0.    0.    0.    0.    0.    0.  ]
  [ 0.    0.    0.    0.    0.    0.    0.    0.  ]
  [ 0.    0.    0.    0.    0.    0.    0.    0.  ]
  [ 0.    0.    0.    0.    0.    0.    0.    0.  ]
  [ 0.    0.    0.    0.    0.    0.    0.    0.  ]
  [ 1.    0.68  0.84  1.37  3.53 -5.74 -0.92 -0.28]
  [ 0.    0.    0.    0.    0.    0.    0.    0.  ]
  [ 0.    0.    0.    0.    0.    0.    0.    0.  ]
  [ 0.    0.    0.    0.    0.    0.    0.    0.  ]
  [ 0.    0.    0.    0.    0.    0.    0.    0.  ]
  [ 0.    0.    0.    0.    0.    0.    0.    0.  ]
  [ 0.    0.    0.    0.    0.    0.    0.    0.  ]
  [ 0.    0.    0.    0.    0.    0.    0.    0.  ]
  [ 0.    0.    0.    0.    0.    0.    0.    0.  ]
  [ 0.    0.    0.    0.    0.    0.    0.    0.  ]
  [ 0.    0.    0.    0.    0.    0.    0.    0.  ]
  [ 0.    0.    0.    0.    0.    0.    0.    0.  ]
  [ 0.    0.    0.    0.    0.    0.    0.    0.  ]]

 [[ 0.    0.    0.    0.    0.    0.    0.    0.  ]
  [ 0.    0.    0.    0.    0.    0.    0.    0.  ]
  [ 0.    0.    0.    0.    0.    0.    0.    0.  ]
  [ 0.    0.    0.    0.    0.    0.    0.    0.  ]
  [ 0.    0.    0.    0.    0.    0.    0.    0.  ]
  [ 0.    0.    0.    0.    0.    0.    0.    0.  ]
  [ 0.    0.    0.    0.    0.    0.    0.    0.  ]
  [ 0.    0.    0.    0.    0.    0.    0.    0.  ]
  [ 0.    0.    0.    0.    0.    0.    0.    0.  ]
  [ 0.    0.    0.    0.    0.    0.    0.    0.  ]
  [ 0.    0.    0.    0.    0.    0.    0.    0.  ]
  [ 0.    0.    0.    0.    0.    0.    0.    0.  ]
  [ 0.    0.    0.    0.    0.    0.    0.    0.  ]
  [ 0.    0.    0.    0.    0.    0.    0.    0.  ]
  [ 0.    0.    0.    0.    0.    0.    0.    0.  ]
  [ 0.    0.    0.    0.    0.    0.    0.    0.  ]
  [ 0.    0.    0.    0.    0.    0.    0.    0.  ]
  [ 0.    0.    0.    0.    0.    0.    0.    0.  ]
  [ 0.    0.    0.    0.    0.    0.    0.    0.  ]]

 [[ 0.    0.    0.    0.    0.    0.    0.    0.  ]
  [ 0.    0.    0.    0.    0.    0.    0.    0.  ]
  [ 0.    0.    0.    0.    0.    0.    0.    0.  ]
  [ 0.    0.    0.    0.    0.    0.    0.    0.  ]
  [ 0.    0.    0.    0.    0.    0.    0.    0.  ]
  [ 0.    0.    0.    0.    0.    0.    0.    0.  ]
  [ 1.    0.05  0.84  1.11  4.16 -5.74 -0.92 -0.28]
  [ 0.    0.    0.    0.    0.    0.    0.    0.  ]
  [ 0.    0.    0.    0.    0.    0.    0.    0.  ]
  [ 0.    0.    0.    0.    0.    0.    0.    0.  ]
  [ 0.    0.    0.    0.    0.    0.    0.    0.  ]
  [ 0.    0.    0.    0.    0.    0.    0.    0.  ]
  [ 0.    0.    0.    0.    0.    0.    0.    0.  ]
  [ 0.    0.    0.    0.    0.    0.    0.    0.  ]
  [ 0.    0.    0.    0.    0.    0.    0.    0.  ]
  [ 0.    0.    0.    0.    0.    0.    0.    0.  ]
  [ 0.    0.    0.    0.    0.    0.    0.    0.  ]
  [ 0.    0.    0.    0.    0.    0.    0.    0.  ]
  [ 0.    0.    0.    0.    0.    0.    0.    0.  ]]

 [[ 0.    0.    0.    0.    0.    0.    0.    0.  ]
  [ 0.    0.    0.    0.    0.    0.    0.    0.  ]
  [ 0.    0.    0.    0.    0.    0.    0.    0.  ]
  [ 0.    0.    0.    0.    0.    0.    0.    0.  ]
  [ 0.    0.    0.    0.    0.    0.    0.    0.  ]
  [ 0.    0.    0.    0.    0.    0.    0.    0.  ]
  [ 0.    0.    0.    0.    0.    0.    0.    0.  ]
  [ 0.    0.    0.    0.    0.    0.    0.    0.  ]
  [ 0.    0.    0.    0.    0.    0.    0.    0.  ]
  [ 0.    0.    0.    0.    0.    0.    0.    0.  ]
  [ 0.    0.    0.    0.    0.    0.    0.    0.  ]
  [ 0.    0.    0.    0.    0.    0.    0.    0.  ]
  [ 0.    0.    0.    0.    0.    0.    0.    0.  ]
  [ 0.    0.    0.    0.    0.    0.    0.    0.  ]
  [ 0.    0.    0.    0.    0.    0.    0.    0.  ]
  [ 0.    0.    0.    0.    0.    0.    0.    0.  ]
  [ 0.    0.    0.    0.    0.    0.    0.    0.  ]
  [ 0.    0.    0.    0.    0.    0.    0.    0.  ]
  [ 0.    0.    0.    0.    0.    0.    0.    0.  ]]

 [[ 0.    0.    0.    0.    0.    0.    0.    0.  ]
  [ 0.    0.    0.    0.    0.    0.    0.    0.  ]
  [ 0.    0.    0.    0.    0.    0.    0.    0.  ]
  [ 0.    0.    0.    0.    0.    0.    0.    0.  ]
  [ 0.    0.    0.    0.    0.    0.    0.    0.  ]
  [ 0.    0.    0.    0.    0.    0.    0.    0.  ]
  [ 0.    0.    0.    0.    0.    0.    0.    0.  ]
  [ 0.    0.    0.    0.    0.    0.    0.    0.  ]
  [ 0.    0.    0.    0.    0.    0.    0.    0.  ]
  [ 0.    0.    0.    0.    0.    0.    0.    0.  ]
  [ 0.    0.    0.    0.    0.    0.    0.    0.  ]
  [ 0.    0.    0.    0.    0.    0.    0.    0.  ]
  [ 0.    0.    0.    0.    0.    0.    0.    0.  ]
  [ 0.    0.    0.    0.    0.    0.    0.    0.  ]
  [ 0.    0.    0.    0.    0.    0.    0.    0.  ]
  [ 0.    0.    0.    0.    0.    0.    0.    0.  ]
  [ 0.    0.    0.    0.    0.    0.    0.    0.  ]
  [ 0.    0.    0.    0.    0.    0.    0.    0.  ]
  [ 0.    0.    0.    0.    0.    0.    0.    0.  ]]

 [[ 0.    0.    0.    0.    0.    0.    0.    0.  ]
  [ 0.    0.    0.    0.    0.    0.    0.    0.  ]
  [ 0.    0.    0.    0.    0.    0.    0.    0.  ]
  [ 0.    0.    0.    0.    0.    0.    0.    0.  ]
  [ 0.    0.    0.    0.    0.    0.    0.    0.  ]
  [ 0.    0.    0.    0.    0.    0.    0.    0.  ]
  [ 0.    0.    0.    0.    0.    0.    0.    0.  ]
  [ 0.    0.    0.    0.    0.    0.    0.    0.  ]
  [ 0.    0.    0.    0.    0.    0.    0.    0.  ]
  [ 0.    0.    0.    0.    0.    0.    0.    0.  ]
  [ 0.    0.    0.    0.    0.    0.    0.    0.  ]
  [ 0.    0.    0.    0.    0.    0.    0.    0.  ]
  [ 0.    0.    0.    0.    0.    0.    0.    0.  ]
  [ 0.    0.    0.    0.    0.    0.    0.    0.  ]
  [ 0.    0.    0.    0.    0.    0.    0.    0.  ]
  [ 0.    0.    0.    0.    0.    0.    0.    0.  ]
  [ 0.    0.    0.    0.    0.    0.    0.    0.  ]
  [ 0.    0.    0.    0.    0.    0.    0.    0.  ]
  [ 0.    0.    0.    0.    0.    0.    0.    0.  ]]

 [[ 0.    0.    0.    0.    0.    0.    0.    0.  ]
  [ 0.    0.    0.    0.    0.    0.    0.    0.  ]
  [ 0.    0.    0.    0.    0.    0.    0.    0.  ]
  [ 0.    0.    0.    0.    0.    0.    0.    0.  ]
  [ 0.    0.    0.    0.    0.    0.    0.    0.  ]
  [ 0.    0.    0.    0.    0.    0.    0.    0.  ]
  [ 0.    0.    0.    0.    0.    0.    0.    0.  ]
  [ 0.    0.    0.    0.    0.    0.    0.    0.  ]
  [ 0.    0.    0.    0.    0.    0.    0.    0.  ]
  [ 0.    0.    0.    0.    0.    0.    0.    0.  ]
  [ 0.    0.    0.    0.    0.    0.    0.    0.  ]
  [ 0.    0.    0.    0.    0.    0.    0.    0.  ]
  [ 0.    0.    0.    0.    0.    0.    0.    0.  ]
  [ 0.    0.    0.    0.    0.    0.    0.    0.  ]
  [ 0.    0.    0.    0.    0.    0.    0.    0.  ]
  [ 0.    0.    0.    0.    0.    0.    0.    0.  ]
  [ 0.    0.    0.    0.    0.    0.    0.    0.  ]
  [ 0.    0.    0.    0.    0.    0.    0.    0.  ]
  [ 0.    0.    0.    0.    0.    0.    0.    0.  ]]

 [[ 0.    0.    0.    0.    0.    0.    0.    0.  ]
  [ 0.    0.    0.    0.    0.    0.    0.    0.  ]
  [ 0.    0.    0.    0.    0.    0.    0.    0.  ]
  [ 0.    0.    0.    0.    0.    0.    0.    0.  ]
  [ 0.    0.    0.    0.    0.    0.    0.    0.  ]
  [ 0.    0.    0.    0.    0.    0.    0.    0.  ]
  [ 0.    0.    0.    0.    0.    0.    0.    0.  ]
  [ 0.    0.    0.    0.    0.    0.    0.    0.  ]
  [ 0.    0.    0.    0.    0.    0.    0.    0.  ]
  [ 0.    0.    0.    0.    0.    0.    0.    0.  ]
  [ 0.    0.    0.    0.    0.    0.    0.    0.  ]
  [ 0.    0.    0.    0.    0.    0.    0.    0.  ]
  [ 0.    0.    0.    0.    0.    0.    0.    0.  ]
  [ 0.    0.    0.    0.    0.    0.    0.    0.  ]
  [ 0.    0.    0.    0.    0.    0.    0.    0.  ]
  [ 0.    0.    0.    0.    0.    0.    0.    0.  ]
  [ 0.    0.    0.    0.    0.    0.    0.    0.  ]
  [ 0.    0.    0.    0.    0.    0.    0.    0.  ]
  [ 0.    0.    0.    0.    0.    0.    0.    0.  ]]

 [[ 0.    0.    0.    0.    0.    0.    0.    0.  ]
  [ 0.    0.    0.    0.    0.    0.    0.    0.  ]
  [ 0.    0.    0.    0.    0.    0.    0.    0.  ]
  [ 0.    0.    0.    0.    0.    0.    0.    0.  ]
  [ 0.    0.    0.    0.    0.    0.    0.    0.  ]
  [ 0.    0.    0.    0.    0.    0.    0.    0.  ]
  [ 0.    0.    0.    0.    0.    0.    0.    0.  ]
  [ 0.    0.    0.    0.    0.    0.    0.    0.  ]
  [ 0.    0.    0.    0.    0.    0.    0.    0.  ]
  [ 0.    0.    0.    0.    0.    0.    0.    0.  ]
  [ 0.    0.    0.    0.    0.    0.    0.    0.  ]
  [ 0.    0.    0.    0.    0.    0.    0.    0.  ]
  [ 0.    0.    0.    0.    0.    0.    0.    0.  ]
  [ 0.    0.    0.    0.    0.    0.    0.    0.  ]
  [ 0.    0.    0.    0.    0.    0.    0.    0.  ]
  [ 0.    0.    0.    0.    0.    0.    0.    0.  ]
  [ 0.    0.    0.    0.    0.    0.    0.    0.  ]
  [ 0.    0.    0.    0.    0.    0.    0.    0.  ]
  [ 0.    0.    0.    0.    0.    0.    0.    0.  ]]

 [[ 0.    0.    0.    0.    0.    0.    0.    0.  ]
  [ 0.    0.    0.    0.    0.    0.    0.    0.  ]
  [ 0.    0.    0.    0.    0.    0.    0.    0.  ]
  [ 0.    0.    0.    0.    0.    0.    0.    0.  ]
  [ 0.    0.    0.    0.    0.    0.    0.    0.  ]
  [ 0.    0.    0.    0.    0.    0.    0.    0.  ]
  [ 0.    0.    0.    0.    0.    0.    0.    0.  ]
  [ 0.    0.    0.    0.    0.    0.    0.    0.  ]
  [ 0.    0.    0.    0.    0.    0.    0.    0.  ]
  [ 0.    0.    0.    0.    0.    0.    0.    0.  ]
  [ 0.    0.    0.    0.    0.    0.    0.    0.  ]
  [ 0.    0.    0.    0.    0.    0.    0.    0.  ]
  [ 0.    0.    0.    0.    0.    0.    0.    0.  ]
  [ 0.    0.    0.    0.    0.    0.    0.    0.  ]
  [ 0.    0.    0.    0.    0.    0.    0.    0.  ]
  [ 0.    0.    0.    0.    0.    0.    0.    0.  ]
  [ 0.    0.    0.    0.    0.    0.    0.    0.  ]
  [ 0.    0.    0.    0.    0.    0.    0.    0.  ]
  [ 0.    0.    0.    0.    0.    0.    0.    0.  ]]

 [[ 0.    0.    0.    0.    0.    0.    0.    0.  ]
  [ 0.    0.    0.    0.    0.    0.    0.    0.  ]
  [ 0.    0.    0.    0.    0.    0.    0.    0.  ]
  [ 0.    0.    0.    0.    0.    0.    0.    0.  ]
  [ 0.    0.    0.    0.    0.    0.    0.    0.  ]
  [ 0.    0.    0.    0.    0.    0.    0.    0.  ]
  [ 0.    0.    0.    0.    0.    0.    0.    0.  ]
  [ 0.    0.    0.    0.    0.    0.    0.    0.  ]
  [ 0.    0.    0.    0.    0.    0.    0.    0.  ]
  [ 0.    0.    0.    0.    0.    0.    0.    0.  ]
  [ 0.    0.    0.    0.    0.    0.    0.    0.  ]
  [ 0.    0.    0.    0.    0.    0.    0.    0.  ]
  [ 0.    0.    0.    0.    0.    0.    0.    0.  ]
  [ 0.    0.    0.    0.    0.    0.    0.    0.  ]
  [ 0.    0.    0.    0.    0.    0.    0.    0.  ]
  [ 0.    0.    0.    0.    0.    0.    0.    0.  ]
  [ 0.    0.    0.    0.    0.    0.    0.    0.  ]
  [ 0.    0.    0.    0.    0.    0.    0.    0.  ]
  [ 0.    0.    0.    0.    0.    0.    0.    0.  ]]

 [[ 0.    0.    0.    0.    0.    0.    0.    0.  ]
  [ 0.    0.    0.    0.    0.    0.    0.    0.  ]
  [ 0.    0.    0.    0.    0.    0.    0.    0.  ]
  [ 0.    0.    0.    0.    0.    0.    0.    0.  ]
  [ 0.    0.    0.    0.    0.    0.    0.    0.  ]
  [ 0.    0.    0.    0.    0.    0.    0.    0.  ]
  [ 0.    0.    0.    0.    0.    0.    0.    0.  ]
  [ 0.    0.    0.    0.    0.    0.    0.    0.  ]
  [ 0.    0.    0.    0.    0.    0.    0.    0.  ]
  [ 0.    0.    0.    0.    0.    0.    0.    0.  ]
  [ 0.    0.    0.    0.    0.    0.    0.    0.  ]
  [ 0.    0.    0.    0.    0.    0.    0.    0.  ]
  [ 0.    0.    0.    0.    0.    0.    0.    0.  ]
  [ 0.    0.    0.    0.    0.    0.    0.    0.  ]
  [ 0.    0.    0.    0.    0.    0.    0.    0.  ]
  [ 0.    0.    0.    0.    0.    0.    0.    0.  ]
  [ 0.    0.    0.    0.    0.    0.    0.    0.  ]
  [ 0.    0.    0.    0.    0.    0.    0.    0.  ]
  [ 0.    0.    0.    0.    0.    0.    0.    0.  ]]]