[[[ 0.    0.    0.    0.    0.    0.    0.    0.  ]
  [ 0.    0.    0.    0.    0.    0.    0.    0.  ]
  [ 0.    0.    0.    0.    0.    0.    0.    0.  ]
  [ 0.    0.    0.    0.    0.    0.    0.    0.  ]
  [ 0.    0.    0.    0.    0.    0.    0.    0.  ]
  [ 1.    0.79  0.63  1.47  5.63 -5.25 -1.14 -0.11]
  [ 0.    0.    0.    0.    0.    0.    0.    0.  ]
  [ 0.    0.    0.    0.    0.    0.    0.    0.  ]
  [ 0.    0.    0.    0.    0.    0.    0.    0.  ]
  [ 0.    0.    0.    0.    0.    0.    0.    0.  ]
  [ 0.    0.    0.    0.    0.    0.    0.    0.  ]
  [ 0.    0.    0.    0.    0.    0.    0.    0.  ]
  [ 0.    0.    0.    0.    0.    0.    0.    0.  ]
  [ 0.    0.    0.    0.    0.    0.    0.    0.  ]
  [ 0.    0.    0.    0.    0.    0.    0.    0.  ]
  [ 0.    0.    0.    0.    0.    0.    0.    0.  ]
  [ 0.    0.    0.    0.    0.    0.    0.    0.  ]
  [ 0.    0.    0.    0.    0.    0.    0.    0.  ]
  [ 0.    0.    0.    0.    0.    0.    0.    0.  ]]

 [[ 0.    0.    0.    0.    0.    0.    0.    0.  ]
  [ 0.    0.    0.    0.    0.    0.    0.    0.  ]
  [ 0.    0.    0.    0.    0.    0.    0.    0.  ]
  [ 0.    0.    0.    0.    0.    0.    0.    0.  ]
  [ 0.    0.    0.    0.    0.    0.    0.    0.  ]
  [ 0.    0.    0.    0.    0.    0.    0.    0.  ]
  [ 0.    0.    0.    0.    0.    0.    0.    0.  ]
  [ 0.    0.    0.    0.    0.    0.    0.    0.  ]
  [ 0.    0.    0.    0.    0.    0.    0.    0.  ]
  [ 0.    0.    0.    0.    0.    0.    0.    0.  ]
  [ 0.    0.    0.    0.    0.    0.    0.    0.  ]
  [ 0.    0.    0.    0.    0.    0.    0.    0.  ]
  [ 0.    0.    0.    0.    0.    0.    0.    0.  ]
  [ 0.    0.    0.    0.    0.    0.    0.    0.  ]
  [ 0.    0.    0.    0.    0.    0.    0.    0.  ]
  [ 0.    0.    0.    0.    0.    0.    0.    0.  ]
  [ 0.    0.    0.    0.    0.    0.    0.    0.  ]
  [ 0.    0.    0.    0.    0.    0.    0.    0.  ]
  [ 0.    0.    0.    0.    0.    0.    0.    0.  ]]

 [[ 0.    0.    0.    0.    0.    0.    0.    0.  ]
  [ 0.    0.    0.    0.    0.    0.    0.    0.  ]
  [ 0.    0.    0.    0.    0.    0.    0.    0.  ]
  [ 0.    0.    0.    0.    0.    0.    0.    0.  ]
  [ 0.    0.    0.    0.    0.    0.    0.    0.  ]
  [ 1.    0.21  0.32  1.63  5.95 -5.25 -1.14 -0.11]
  [ 0.    0.    0.    0.    0.    0.    0.    0.  ]
  [ 0.    0.    0.    0.    0.    0.    0.    0.  ]
  [ 0.    0.    0.    0.    0.    0.    0.    0.  ]
  [ 0.    0.    0.    0.    0.    0.    0.    0.  ]
  [ 0.    0.    0.    0.    0.    0.    0.    0.  ]
  [ 0.    0.    0.    0.    0.    0.    0.    0.  ]
  [ 0.    0.    0.    0.    0.    0.    0.    0.  ]
  [ 0.    0.    0.    0.    0.    0.    0.    0.  ]
  [ 0.    0.    0.    0.    0.    0.    0.    0.  ]
  [ 0.    0.    0.    0.    0.    0.    0.    0.  ]
  [ 0.    0.    0.    0.    0.    0.    0.    0.  ]
  [ 0.    0.    0.    0.    0.    0.    0.    0.  ]
  [ 0.    0.    0.    0.    0.    0.    0.    0.  ]]

 [[ 0.    0.    0.    0.    0.    0.    0.    0.  ]
  [ 0.    0.    0.    0.    0.    0.    0.    0.  ]
  [ 0.    0.    0.    0.    0.    0.    0.    0.  ]
  [ 0.    0.    0.    0.    0.    0.    0.    0.  ]
  [ 0.    0.    0.    0.    0.    0.    0.    0.  ]
  [ 0.    0.    0.    0.    0.    0.    0.    0.  ]
  [ 0.    0.    0.    0.    0.    0.    0.    0.  ]
  [ 0.    0.    0.    0.    0.    0.    0.    0.  ]
  [ 0.    0.    0.    0.    0.    0.    0.    0.  ]
  [ 0.    0.    0.    0.    0.    0.    0.    0.  ]
  [ 0.    0.    0.    0.    0.    0.    0.    0.  ]
  [ 0.    0.    0.    0.    0.    0.    0.    0.  ]
  [ 0.    0.    0.    0.    0.    0.    0.    0.  ]
  [ 0.    0.    0.    0.    0.    0.    0.    0.  ]
  [ 0.    0.    0.    0.    0.    0.    0.    0.  ]
  [ 0.    0.    0.    0.    0.    0.    0.    0.  ]
  [ 0.    0.    0.    0.    0.    0.    0.    0.  ]
  [ 0.    0.    0.    0.    0.    0.    0.    0.  ]
  [ 0.    0.    0.    0.    0.    0.    0.    0.  ]]

 [[ 0.    0.    0.    0.    0.    0.    0.    0.  ]
  [ 0.    0.    0.    0.    0.    0.    0.    0.  ]
  [ 0.    0.    0.    0.    0.    0.    0.    0.  ]
  [ 0.    0.    0.    0.    0.    0.    0.    0.  ]
  [ 0.    0.    0.    0.    0.    0.    0.    0.  ]
  [ 0.    0.    0.    0.    0.    0.    0.    0.  ]
  [ 0.    0.    0.    0.    0.    0.    0.    0.  ]
  [ 0.    0.    0.    0.    0.    0.    0.    0.  ]
  [ 0.    0.    0.    0.    0.    0.    0.    0.  ]
  [ 0.    0.    0.    0.    0.    0.    0.    0.  ]
  [ 0.    0.    0.    0.    0.    0.    0.    0.  ]
  [ 0.    0.    0.    0.    0.    0.    0.    0.  ]
  [ 0.    0.    0.    0.    0.    0.    0.    0.  ]
  [ 0.    0.    0.    0.    0.    0.    0.    0.  ]
  [ 0.    0.    0.    0.    0.    0.    0.    0.  ]
  [ 0.    0.    0.    0.    0.    0.    0.    0.  ]
  [ 0.    0.    0.    0.    0.    0.    0.    0.  ]
  [ 0.    0.    0.    0.    0.    0.    0.    0.  ]
  [ 0.    0.    0.    0.    0.    0.    0.    0.  ]]

 [[ 0.    0.    0.    0.    0.    0.    0.    0.  ]
  [ 0.    0.    0.    0.    0.    0.    0.    0.  ]
  [ 0.    0.    0.    0.    0.    0.    0.    0.  ]
  [ 0.    0.    0.    0.    0.    0.    0.    0.  ]
  [ 0.    0.    0.    0.    0.    0.    0.    0.  ]
  [ 0.    0.    0.    0.    0.    0.    0.    0.  ]
  [ 1.    0.63  0.42  1.63  3.53 -5.25 -1.14 -0.11]
  [ 0.    0.    0.    0.    0.    0.    0.    0.  ]
  [ 0.    0.    0.    0.    0.    0.    0.    0.  ]
  [ 0.    0.    0.    0.    0.    0.    0.    0.  ]
  [ 0.    0.    0.    0.    0.    0.    0.    0.  ]
  [ 0.    0.    0.    0.    0.    0.    0.    0.  ]
  [ 0.    0.    0.    0.    0.    0.    0.    0.  ]
  [ 0.    0.    0.    0.    0.    0.    0.    0.  ]
  [ 0.    0.    0.    0.    0.    0.    0.    0.  ]
  [ 0.    0.    0.    0.    0.    0.    0.    0.  ]
  [ 0.    0.    0.    0.    0.    0.    0.    0.  ]
  [ 0.    0.    0.    0.    0.    0.    0.    0.  ]
  [ 0.    0.    0.    0.    0.    0.    0.    0.  ]]

 [[ 0.    0.    0.    0.    0.    0.    0.    0.  ]
  [ 0.    0.    0.    0.    0.    0.    0.    0.  ]
  [ 0.    0.    0.    0.    0.    0.    0.    0.  ]
  [ 0.    0.    0.    0.    0.    0.    0.    0.  ]
  [ 0.    0.    0.    0.    0.    0.    0.    0.  ]
  [ 0.    0.    0.    0.    0.    0.    0.    0.  ]
  [ 0.    0.    0.    0.    0.    0.    0.    0.  ]
  [ 0.    0.    0.    0.    0.    0.    0.    0.  ]
  [ 0.    0.    0.    0.    0.    0.    0.    0.  ]
  [ 0.    0.    0.    0.    0.    0.    0.    0.  ]
  [ 0.    0.    0.    0.    0.    0.    0.    0.  ]
  [ 0.    0.    0.    0.    0.    0.    0.    0.  ]
  [ 0.    0.    0.    0.    0.    0.    0.    0.  ]
  [ 0.    0.    0.    0.    0.    0.    0.    0.  ]
  [ 0.    0.    0.    0.    0.    0.    0.    0.  ]
  [ 0.    0.    0.    0.    0.    0.    0.    0.  ]
  [ 0.    0.    0.    0.    0.    0.    0.    0.  ]
  [ 0.    0.    0.    0.    0.    0.    0.    0.  ]
  [ 0.    0.    0.    0.    0.    0.    0.    0.  ]]

 [[ 0.    0.    0.    0.    0.    0.    0.    0.  ]
  [ 0.    0.    0.    0.    0.    0.    0.    0.  ]
  [ 0.    0.    0.    0.    0.    0.    0.    0.  ]
  [ 0.    0.    0.    0.    0.    0.    0.    0.  ]
  [ 0.    0.    0.    0.    0.    0.    0.    0.  ]
  [ 0.    0.    0.    0.    0.    0.    0.    0.  ]
  [ 1.    0.58  0.42  1.84  4.37 -5.25 -1.14 -0.11]
  [ 0.    0.    0.    0.    0.    0.    0.    0.  ]
  [ 0.    0.    0.    0.    0.    0.    0.    0.  ]
  [ 0.    0.    0.    0.    0.    0.    0.    0.  ]
  [ 0.    0.    0.    0.    0.    0.    0.    0.  ]
  [ 0.    0.    0.    0.    0.    0.    0.    0.  ]
  [ 0.    0.    0.    0.    0.    0.    0.    0.  ]
  [ 0.    0.    0.    0.    0.    0.    0.    0.  ]
  [ 0.    0.    0.    0.    0.    0.    0.    0.  ]
  [ 0.    0.    0.    0.    0.    0.    0.    0.  ]
  [ 0.    0.    0.    0.    0.    0.    0.    0.  ]
  [ 0.    0.    0.    0.    0.    0.    0.    0.  ]
  [ 0.    0.    0.    0.    0.    0.    0.    0.  ]]

 [[ 0.    0.    0.    0.    0.    0.    0.    0.  ]
  [ 0.    0.    0.    0.    0.    0.    0.    0.  ]
  [ 0.    0.    0.    0.    0.    0.    0.    0.  ]
  [ 0.    0.    0.    0.    0.    0.    0.    0.  ]
  [ 0.    0.    0.    0.    0.    0.    0.    0.  ]
  [ 0.    0.    0.    0.    0.    0.    0.    0.  ]
  [ 0.    0.    0.    0.    0.    0.    0.    0.  ]
  [ 0.    0.    0.    0.    0.    0.    0.    0.  ]
  [ 0.    0.    0.    0.    0.    0.    0.    0.  ]
  [ 0.    0.    0.    0.    0.    0.    0.    0.  ]
  [ 0.    0.    0.    0.    0.    0.    0.    0.  ]
  [ 0.    0.    0.    0.    0.    0.    0.    0.  ]
  [ 0.    0.    0.    0.    0.    0.    0.    0.  ]
  [ 0.    0.    0.    0.    0.    0.    0.    0.  ]
  [ 0.    0.    0.    0.    0.    0.    0.    0.  ]
  [ 0.    0.    0.    0.    0.    0.    0.    0.  ]
  [ 0.    0.    0.    0.    0.    0.    0.    0.  ]
  [ 0.    0.    0.    0.    0.    0.    0.    0.  ]
  [ 0.    0.    0.    0.    0.    0.    0.    0.  ]]

 [[ 0.    0.    0.    0.    0.    0.    0.    0.  ]
  [ 0.    0.    0.    0.    0.    0.    0.    0.  ]
  [ 0.    0.    0.    0.    0.    0.    0.    0.  ]
  [ 0.    0.    0.    0.    0.    0.    0.    0.  ]
  [ 0.    0.    0.    0.    0.    0.    0.    0.  ]
  [ 0.    0.    0.    0.    0.    0.    0.    0.  ]
  [ 1.    0.58  0.47  1.63  5.16 -5.25 -1.14 -0.11]
  [ 0.    0.    0.    0.    0.    0.    0.    0.  ]
  [ 0.    0.    0.    0.    0.    0.    0.    0.  ]
  [ 0.    0.    0.    0.    0.    0.    0.    0.  ]
  [ 0.    0.    0.    0.    0.    0.    0.    0.  ]
  [ 0.    0.    0.    0.    0.    0.    0.    0.  ]
  [ 0.    0.    0.    0.    0.    0.    0.    0.  ]
  [ 0.    0.    0.    0.    0.    0.    0.    0.  ]
  [ 0.    0.    0.    0.    0.    0.    0.    0.  ]
  [ 0.    0.    0.    0.    0.    0.    0.    0.  ]
  [ 0.    0.    0.    0.    0.    0.    0.    0.  ]
  [ 0.    0.    0.    0.    0.    0.    0.    0.  ]
  [ 0.    0.    0.    0.    0.    0.    0.    0.  ]]

 [[ 0.    0.    0.    0.    0.    0.    0.    0.  ]
  [ 0.    0.    0.    0.    0.    0.    0.    0.  ]
  [ 0.    0.    0.    0.    0.    0.    0.    0.  ]
  [ 0.    0.    0.    0.    0.    0.    0.    0.  ]
  [ 0.    0.    0.    0.    0.    0.    0.    0.  ]
  [ 0.    0.    0.    0.    0.    0.    0.    0.  ]
  [ 1.    0.63  0.26  2.21  6.79 -5.25 -1.14 -0.11]
  [ 0.    0.    0.    0.    0.    0.    0.    0.  ]
  [ 0.    0.    0.    0.    0.    0.    0.    0.  ]
  [ 0.    0.    0.    0.    0.    0.    0.    0.  ]
  [ 0.    0.    0.    0.    0.    0.    0.    0.  ]
  [ 0.    0.    0.    0.    0.    0.    0.    0.  ]
  [ 0.    0.    0.    0.    0.    0.    0.    0.  ]
  [ 0.    0.    0.    0.    0.    0.    0.    0.  ]
  [ 0.    0.    0.    0.    0.    0.    0.    0.  ]
  [ 0.    0.    0.    0.    0.    0.    0.    0.  ]
  [ 0.    0.    0.    0.    0.    0.    0.    0.  ]
  [ 0.    0.    0.    0.    0.    0.    0.    0.  ]
  [ 0.    0.    0.    0.    0.    0.    0.    0.  ]]

 [[ 0.    0.    0.    0.    0.    0.    0.    0.  ]
  [ 0.    0.    0.    0.    0.    0.    0.    0.  ]
  [ 0.    0.    0.    0.    0.    0.    0.    0.  ]
  [ 0.    0.    0.    0.    0.    0.    0.    0.  ]
  [ 0.    0.    0.    0.    0.    0.    0.    0.  ]
  [ 0.    0.    0.    0.    0.    0.    0.    0.  ]
  [ 0.    0.    0.    0.    0.    0.    0.    0.  ]
  [ 0.    0.    0.    0.    0.    0.    0.    0.  ]
  [ 0.    0.    0.    0.    0.    0.    0.    0.  ]
  [ 0.    0.    0.    0.    0.    0.    0.    0.  ]
  [ 0.    0.    0.    0.    0.    0.    0.    0.  ]
  [ 0.    0.    0.    0.    0.    0.    0.    0.  ]
  [ 0.    0.    0.    0.    0.    0.    0.    0.  ]
  [ 0.    0.    0.    0.    0.    0.    0.    0.  ]
  [ 0.    0.    0.    0.    0.    0.    0.    0.  ]
  [ 0.    0.    0.    0.    0.    0.    0.    0.  ]
  [ 0.    0.    0.    0.    0.    0.    0.    0.  ]
  [ 0.    0.    0.    0.    0.    0.    0.    0.  ]
  [ 0.    0.    0.    0.    0.    0.    0.    0.  ]]

 [[ 0.    0.    0.    0.    0.    0.    0.    0.  ]
  [ 0.    0.    0.    0.    0.    0.    0.    0.  ]
  [ 0.    0.    0.    0.    0.    0.    0.    0.  ]
  [ 0.    0.    0.    0.    0.    0.    0.    0.  ]
  [ 0.    0.    0.    0.    0.    0.    0.    0.  ]
  [ 0.    0.    0.    0.    0.    0.    0.    0.  ]
  [ 0.    0.    0.    0.    0.    0.    0.    0.  ]
  [ 0.    0.    0.    0.    0.    0.    0.    0.  ]
  [ 0.    0.    0.    0.    0.    0.    0.    0.  ]
  [ 0.    0.    0.    0.    0.    0.    0.    0.  ]
  [ 0.    0.    0.    0.    0.    0.    0.    0.  ]
  [ 0.    0.    0.    0.    0.    0.    0.    0.  ]
  [ 0.    0.    0.    0.    0.    0.    0.    0.  ]
  [ 0.    0.    0.    0.    0.    0.    0.    0.  ]
  [ 0.    0.    0.    0.    0.    0.    0.    0.  ]
  [ 0.    0.    0.    0.    0.    0.    0.    0.  ]
  [ 0.    0.    0.    0.    0.    0.    0.    0.  ]
  [ 0.    0.    0.    0.    0.    0.    0.    0.  ]
  [ 0.    0.    0.    0.    0.    0.    0.    0.  ]]

 [[ 0.    0.    0.    0.    0.    0.    0.    0.  ]
  [ 0.    0.    0.    0.    0.    0.    0.    0.  ]
  [ 0.    0.    0.    0.    0.    0.    0.    0.  ]
  [ 0.    0.    0.    0.    0.    0.    0.    0.  ]
  [ 0.    0.    0.    0.    0.    0.    0.    0.  ]
  [ 0.    0.    0.    0.    0.    0.    0.    0.  ]
  [ 0.    0.    0.    0.    0.    0.    0.    0.  ]
  [ 0.    0.    0.    0.    0.    0.    0.    0.  ]
  [ 0.    0.    0.    0.    0.    0.    0.    0.  ]
  [ 0.    0.    0.    0.    0.    0.    0.    0.  ]
  [ 0.    0.    0.    0.    0.    0.    0.    0.  ]
  [ 0.    0.    0.    0.    0.    0.    0.    0.  ]
  [ 0.    0.    0.    0.    0.    0.    0.    0.  ]
  [ 0.    0.    0.    0.    0.    0.    0.    0.  ]
  [ 0.    0.    0.    0.    0.    0.    0.    0.  ]
  [ 0.    0.    0.    0.    0.    0.    0.    0.  ]
  [ 0.    0.    0.    0.    0.    0.    0.    0.  ]
  [ 0.    0.    0.    0.    0.    0.    0.    0.  ]
  [ 0.    0.    0.    0.    0.    0.    0.    0.  ]]

 [[ 0.    0.    0.    0.    0.    0.    0.    0.  ]
  [ 0.    0.    0.    0.    0.    0.    0.    0.  ]
  [ 0.    0.    0.    0.    0.    0.    0.    0.  ]
  [ 0.    0.    0.    0.    0.    0.    0.    0.  ]
  [ 0.    0.    0.    0.    0.    0.    0.    0.  ]
  [ 0.    0.    0.    0.    0.    0.    0.    0.  ]
  [ 0.    0.    0.    0.    0.    0.    0.    0.  ]
  [ 0.    0.    0.    0.    0.    0.    0.    0.  ]
  [ 0.    0.    0.    0.    0.    0.    0.    0.  ]
  [ 0.    0.    0.    0.    0.    0.    0.    0.  ]
  [ 0.    0.    0.    0.    0.    0.    0.    0.  ]
  [ 0.    0.    0.    0.    0.    0.    0.    0.  ]
  [ 0.    0.    0.    0.    0.    0.    0.    0.  ]
  [ 0.    0.    0.    0.    0.    0.    0.    0.  ]
  [ 0.    0.    0.    0.    0.    0.    0.    0.  ]
  [ 0.    0.    0.    0.    0.    0.    0.    0.  ]
  [ 0.    0.    0.    0.    0.    0.    0.    0.  ]
  [ 0.    0.    0.    0.    0.    0.    0.    0.  ]
  [ 0.    0.    0.    0.    0.    0.    0.    0.  ]]

 [[ 0.    0.    0.    0.    0.    0.    0.    0.  ]
  [ 0.    0.    0.    0.    0.    0.    0.    0.  ]
  [ 0.    0.    0.    0.    0.    0.    0.    0.  ]
  [ 0.    0.    0.    0.    0.    0.    0.    0.  ]
  [ 0.    0.    0.    0.    0.    0.    0.    0.  ]
  [ 0.    0.    0.    0.    0.    0.    0.    0.  ]
  [ 0.    0.    0.    0.    0.    0.    0.    0.  ]
  [ 0.    0.    0.    0.    0.    0.    0.    0.  ]
  [ 0.    0.    0.    0.    0.    0.    0.    0.  ]
  [ 0.    0.    0.    0.    0.    0.    0.    0.  ]
  [ 0.    0.    0.    0.    0.    0.    0.    0.  ]
  [ 0.    0.    0.    0.    0.    0.    0.    0.  ]
  [ 0.    0.    0.    0.    0.    0.    0.    0.  ]
  [ 0.    0.    0.    0.    0.    0.    0.    0.  ]
  [ 0.    0.    0.    0.    0.    0.    0.    0.  ]
  [ 0.    0.    0.    0.    0.    0.    0.    0.  ]
  [ 0.    0.    0.    0.    0.    0.    0.    0.  ]
  [ 0.    0.    0.    0.    0.    0.    0.    0.  ]
  [ 0.    0.    0.    0.    0.    0.    0.    0.  ]]

 [[ 0.    0.    0.    0.    0.    0.    0.    0.  ]
  [ 0.    0.    0.    0.    0.    0.    0.    0.  ]
  [ 0.    0.    0.    0.    0.    0.    0.    0.  ]
  [ 0.    0.    0.    0.    0.    0.    0.    0.  ]
  [ 0.    0.    0.    0.    0.    0.    0.    0.  ]
  [ 0.    0.    0.    0.    0.    0.    0.    0.  ]
  [ 0.    0.    0.    0.    0.    0.    0.    0.  ]
  [ 0.    0.    0.    0.    0.    0.    0.    0.  ]
  [ 0.    0.    0.    0.    0.    0.    0.    0.  ]
  [ 0.    0.    0.    0.    0.    0.    0.    0.  ]
  [ 0.    0.    0.    0.    0.    0.    0.    0.  ]
  [ 0.    0.    0.    0.    0.    0.    0.    0.  ]
  [ 0.    0.    0.    0.    0.    0.    0.    0.  ]
  [ 0.    0.    0.    0.    0.    0.    0.    0.  ]
  [ 0.    0.    0.    0.    0.    0.    0.    0.  ]
  [ 0.    0.    0.    0.    0.    0.    0.    0.  ]
  [ 0.    0.    0.    0.    0.    0.    0.    0.  ]
  [ 0.    0.    0.    0.    0.    0.    0.    0.  ]
  [ 0.    0.    0.    0.    0.    0.    0.    0.  ]]

 [[ 0.    0.    0.    0.    0.    0.    0.    0.  ]
  [ 0.    0.    0.    0.    0.    0.    0.    0.  ]
  [ 0.    0.    0.    0.    0.    0.    0.    0.  ]
  [ 0.    0.    0.    0.    0.    0.    0.    0.  ]
  [ 0.    0.    0.    0.    0.    0.    0.    0.  ]
  [ 0.    0.    0.    0.    0.    0.    0.    0.  ]
  [ 0.    0.    0.    0.    0.    0.    0.    0.  ]
  [ 0.    0.    0.    0.    0.    0.    0.    0.  ]
  [ 0.    0.    0.    0.    0.    0.    0.    0.  ]
  [ 0.    0.    0.    0.    0.    0.    0.    0.  ]
  [ 0.    0.    0.    0.    0.    0.    0.    0.  ]
  [ 0.    0.    0.    0.    0.    0.    0.    0.  ]
  [ 0.    0.    0.    0.    0.    0.    0.    0.  ]
  [ 0.    0.    0.    0.    0.    0.    0.    0.  ]
  [ 0.    0.    0.    0.    0.    0.    0.    0.  ]
  [ 0.    0.    0.    0.    0.    0.    0.    0.  ]
  [ 0.    0.    0.    0.    0.    0.    0.    0.  ]
  [ 0.    0.    0.    0.    0.    0.    0.    0.  ]
  [ 0.    0.    0.    0.    0.    0.    0.    0.  ]]

 [[ 0.    0.    0.    0.    0.    0.    0.    0.  ]
  [ 0.    0.    0.    0.    0.    0.    0.    0.  ]
  [ 0.    0.    0.    0.    0.    0.    0.    0.  ]
  [ 0.    0.    0.    0.    0.    0.    0.    0.  ]
  [ 0.    0.    0.    0.    0.    0.    0.    0.  ]
  [ 0.    0.    0.    0.    0.    0.    0.    0.  ]
  [ 0.    0.    0.    0.    0.    0.    0.    0.  ]
  [ 0.    0.    0.    0.    0.    0.    0.    0.  ]
  [ 0.    0.    0.    0.    0.    0.    0.    0.  ]
  [ 0.    0.    0.    0.    0.    0.    0.    0.  ]
  [ 0.    0.    0.    0.    0.    0.    0.    0.  ]
  [ 0.    0.    0.    0.    0.    0.    0.    0.  ]
  [ 0.    0.    0.    0.    0.    0.    0.    0.  ]
  [ 0.    0.    0.    0.    0.    0.    0.    0.  ]
  [ 0.    0.    0.    0.    0.    0.    0.    0.  ]
  [ 0.    0.    0.    0.    0.    0.    0.    0.  ]
  [ 0.    0.    0.    0.    0.    0.    0.    0.  ]
  [ 0.    0.    0.    0.    0.    0.    0.    0.  ]
  [ 0.    0.    0.    0.    0.    0.    0.    0.  ]]]