[[[ 0.    0.    0.    0.    0.    0.    0.    0.  ]
  [ 0.    0.    0.    0.    0.    0.    0.    0.  ]
  [ 0.    0.    0.    0.    0.    0.    0.    0.  ]
  [ 0.    0.    0.    0.    0.    0.    0.    0.  ]
  [ 0.    0.    0.    0.    0.    0.    0.    0.  ]
  [ 0.    0.    0.    0.    0.    0.    0.    0.  ]
  [ 0.    0.    0.    0.    0.    0.    0.    0.  ]
  [ 0.    0.    0.    0.    0.    0.    0.    0.  ]
  [ 0.    0.    0.    0.    0.    0.    0.    0.  ]
  [ 0.    0.    0.    0.    0.    0.    0.    0.  ]
  [ 0.    0.    0.    0.    0.    0.    0.    0.  ]
  [ 0.    0.    0.    0.    0.    0.    0.    0.  ]
  [ 0.    0.    0.    0.    0.    0.    0.    0.  ]
  [ 0.    0.    0.    0.    0.    0.    0.    0.  ]
  [ 0.    0.    0.    0.    0.    0.    0.    0.  ]
  [ 0.    0.    0.    0.    0.    0.    0.    0.  ]
  [ 0.    0.    0.    0.    0.    0.    0.    0.  ]
  [ 0.    0.    0.    0.    0.    0.    0.    0.  ]
  [ 0.    0.    0.    0.    0.    0.    0.    0.  ]]

 [[ 0.    0.    0.    0.    0.    0.    0.    0.  ]
  [ 0.    0.    0.    0.    0.    0.    0.    0.  ]
  [ 0.    0.    0.    0.    0.    0.    0.    0.  ]
  [ 0.    0.    0.    0.    0.    0.    0.    0.  ]
  [ 0.    0.    0.    0.    0.    0.    0.    0.  ]
  [ 0.    0.    0.    0.    0.    0.    0.    0.  ]
  [ 0.    0.    0.    0.    0.    0.    0.    0.  ]
  [ 0.    0.    0.    0.    0.    0.    0.    0.  ]
  [ 0.    0.    0.    0.    0.    0.    0.    0.  ]
  [ 0.    0.    0.    0.    0.    0.    0.    0.  ]
  [ 0.    0.    0.    0.    0.    0.    0.    0.  ]
  [ 0.    0.    0.    0.    0.    0.    0.    0.  ]
  [ 0.    0.    0.    0.    0.    0.    0.    0.  ]
  [ 0.    0.    0.    0.    0.    0.    0.    0.  ]
  [ 0.    0.    0.    0.    0.    0.    0.    0.  ]
  [ 0.    0.    0.    0.    0.    0.    0.    0.  ]
  [ 0.    0.    0.    0.    0.    0.    0.    0.  ]
  [ 0.    0.    0.    0.    0.    0.    0.    0.  ]
  [ 0.    0.    0.    0.    0.    0.    0.    0.  ]]

 [[ 0.    0.    0.    0.    0.    0.    0.    0.  ]
  [ 0.    0.    0.    0.    0.    0.    0.    0.  ]
  [ 0.    0.    0.    0.    0.    0.    0.    0.  ]
  [ 0.    0.    0.    0.    0.    0.    0.    0.  ]
  [ 0.    0.    0.    0.    0.    0.    0.    0.  ]
  [ 0.    0.    0.    0.    0.    0.    0.    0.  ]
  [ 0.    0.    0.    0.    0.    0.    0.    0.  ]
  [ 0.    0.    0.    0.    0.    0.    0.    0.  ]
  [ 0.    0.    0.    0.    0.    0.    0.    0.  ]
  [ 0.    0.    0.    0.    0.    0.    0.    0.  ]
  [ 0.    0.    0.    0.    0.    0.    0.    0.  ]
  [ 0.    0.    0.    0.    0.    0.    0.    0.  ]
  [ 0.    0.    0.    0.    0.    0.    0.    0.  ]
  [ 0.    0.    0.    0.    0.    0.    0.    0.  ]
  [ 0.    0.    0.    0.    0.    0.    0.    0.  ]
  [ 0.    0.    0.    0.    0.    0.    0.    0.  ]
  [ 0.    0.    0.    0.    0.    0.    0.    0.  ]
  [ 0.    0.    0.    0.    0.    0.    0.    0.  ]
  [ 0.    0.    0.    0.    0.    0.    0.    0.  ]]

 [[ 0.    0.    0.    0.    0.    0.    0.    0.  ]
  [ 0.    0.    0.    0.    0.    0.    0.    0.  ]
  [ 0.    0.    0.    0.    0.    0.    0.    0.  ]
  [ 0.    0.    0.    0.    0.    0.    0.    0.  ]
  [ 0.    0.    0.    0.    0.    0.    0.    0.  ]
  [ 0.    0.    0.    0.    0.    0.    0.    0.  ]
  [ 0.    0.    0.    0.    0.    0.    0.    0.  ]
  [ 0.    0.    0.    0.    0.    0.    0.    0.  ]
  [ 0.    0.    0.    0.    0.    0.    0.    0.  ]
  [ 0.    0.    0.    0.    0.    0.    0.    0.  ]
  [ 0.    0.    0.    0.    0.    0.    0.    0.  ]
  [ 0.    0.    0.    0.    0.    0.    0.    0.  ]
  [ 0.    0.    0.    0.    0.    0.    0.    0.  ]
  [ 0.    0.    0.    0.    0.    0.    0.    0.  ]
  [ 0.    0.    0.    0.    0.    0.    0.    0.  ]
  [ 0.    0.    0.    0.    0.    0.    0.    0.  ]
  [ 0.    0.    0.    0.    0.    0.    0.    0.  ]
  [ 0.    0.    0.    0.    0.    0.    0.    0.  ]
  [ 0.    0.    0.    0.    0.    0.    0.    0.  ]]

 [[ 0.    0.    0.    0.    0.    0.    0.    0.  ]
  [ 0.    0.    0.    0.    0.    0.    0.    0.  ]
  [ 0.    0.    0.    0.    0.    0.    0.    0.  ]
  [ 0.    0.    0.    0.    0.    0.    0.    0.  ]
  [ 0.    0.    0.    0.    0.    0.    0.    0.  ]
  [ 0.    0.    0.    0.    0.    0.    0.    0.  ]
  [ 0.    0.    0.    0.    0.    0.    0.    0.  ]
  [ 0.    0.    0.    0.    0.    0.    0.    0.  ]
  [ 0.    0.    0.    0.    0.    0.    0.    0.  ]
  [ 0.    0.    0.    0.    0.    0.    0.    0.  ]
  [ 0.    0.    0.    0.    0.    0.    0.    0.  ]
  [ 0.    0.    0.    0.    0.    0.    0.    0.  ]
  [ 0.    0.    0.    0.    0.    0.    0.    0.  ]
  [ 0.    0.    0.    0.    0.    0.    0.    0.  ]
  [ 0.    0.    0.    0.    0.    0.    0.    0.  ]
  [ 0.    0.    0.    0.    0.    0.    0.    0.  ]
  [ 0.    0.    0.    0.    0.    0.    0.    0.  ]
  [ 0.    0.    0.    0.    0.    0.    0.    0.  ]
  [ 0.    0.    0.    0.    0.    0.    0.    0.  ]]

 [[ 0.    0.    0.    0.    0.    0.    0.    0.  ]
  [ 0.    0.    0.    0.    0.    0.    0.    0.  ]
  [ 0.    0.    0.    0.    0.    0.    0.    0.  ]
  [ 0.    0.    0.    0.    0.    0.    0.    0.  ]
  [ 0.    0.    0.    0.    0.    0.    0.    0.  ]
  [ 0.    0.    0.    0.    0.    0.    0.    0.  ]
  [ 1.    0.95  0.37  2.68  6.63 -3.47 -0.73  0.17]
  [ 0.    0.    0.    0.    0.    0.    0.    0.  ]
  [ 0.    0.    0.    0.    0.    0.    0.    0.  ]
  [ 0.    0.    0.    0.    0.    0.    0.    0.  ]
  [ 0.    0.    0.    0.    0.    0.    0.    0.  ]
  [ 0.    0.    0.    0.    0.    0.    0.    0.  ]
  [ 0.    0.    0.    0.    0.    0.    0.    0.  ]
  [ 0.    0.    0.    0.    0.    0.    0.    0.  ]
  [ 0.    0.    0.    0.    0.    0.    0.    0.  ]
  [ 0.    0.    0.    0.    0.    0.    0.    0.  ]
  [ 0.    0.    0.    0.    0.    0.    0.    0.  ]
  [ 0.    0.    0.    0.    0.    0.    0.    0.  ]
  [ 0.    0.    0.    0.    0.    0.    0.    0.  ]]

 [[ 0.    0.    0.    0.    0.    0.    0.    0.  ]
  [ 0.    0.    0.    0.    0.    0.    0.    0.  ]
  [ 0.    0.    0.    0.    0.    0.    0.    0.  ]
  [ 0.    0.    0.    0.    0.    0.    0.    0.  ]
  [ 0.    0.    0.    0.    0.    0.    0.    0.  ]
  [ 0.    0.    0.    0.    0.    0.    0.    0.  ]
  [ 0.    0.    0.    0.    0.    0.    0.    0.  ]
  [ 0.    0.    0.    0.    0.    0.    0.    0.  ]
  [ 0.    0.    0.    0.    0.    0.    0.    0.  ]
  [ 0.    0.    0.    0.    0.    0.    0.    0.  ]
  [ 0.    0.    0.    0.    0.    0.    0.    0.  ]
  [ 0.    0.    0.    0.    0.    0.    0.    0.  ]
  [ 0.    0.    0.    0.    0.    0.    0.    0.  ]
  [ 0.    0.    0.    0.    0.    0.    0.    0.  ]
  [ 0.    0.    0.    0.    0.    0.    0.    0.  ]
  [ 0.    0.    0.    0.    0.    0.    0.    0.  ]
  [ 0.    0.    0.    0.    0.    0.    0.    0.  ]
  [ 0.    0.    0.    0.    0.    0.    0.    0.  ]
  [ 0.    0.    0.    0.    0.    0.    0.    0.  ]]

 [[ 0.    0.    0.    0.    0.    0.    0.    0.  ]
  [ 0.    0.    0.    0.    0.    0.    0.    0.  ]
  [ 0.    0.    0.    0.    0.    0.    0.    0.  ]
  [ 0.    0.    0.    0.    0.    0.    0.    0.  ]
  [ 0.    0.    0.    0.    0.    0.    0.    0.  ]
  [ 0.    0.    0.    0.    0.    0.    0.    0.  ]
  [ 0.    0.    0.    0.    0.    0.    0.    0.  ]
  [ 0.    0.    0.    0.    0.    0.    0.    0.  ]
  [ 0.    0.    0.    0.    0.    0.    0.    0.  ]
  [ 0.    0.    0.    0.    0.    0.    0.    0.  ]
  [ 0.    0.    0.    0.    0.    0.    0.    0.  ]
  [ 0.    0.    0.    0.    0.    0.    0.    0.  ]
  [ 0.    0.    0.    0.    0.    0.    0.    0.  ]
  [ 0.    0.    0.    0.    0.    0.    0.    0.  ]
  [ 0.    0.    0.    0.    0.    0.    0.    0.  ]
  [ 0.    0.    0.    0.    0.    0.    0.    0.  ]
  [ 0.    0.    0.    0.    0.    0.    0.    0.  ]
  [ 0.    0.    0.    0.    0.    0.    0.    0.  ]
  [ 0.    0.    0.    0.    0.    0.    0.    0.  ]]

 [[ 0.    0.    0.    0.    0.    0.    0.    0.  ]
  [ 0.    0.    0.    0.    0.    0.    0.    0.  ]
  [ 0.    0.    0.    0.    0.    0.    0.    0.  ]
  [ 0.    0.    0.    0.    0.    0.    0.    0.  ]
  [ 0.    0.    0.    0.    0.    0.    0.    0.  ]
  [ 0.    0.    0.    0.    0.    0.    0.    0.  ]
  [ 0.    0.    0.    0.    0.    0.    0.    0.  ]
  [ 0.    0.    0.    0.    0.    0.    0.    0.  ]
  [ 0.    0.    0.    0.    0.    0.    0.    0.  ]
  [ 0.    0.    0.    0.    0.    0.    0.    0.  ]
  [ 0.    0.    0.    0.    0.    0.    0.    0.  ]
  [ 0.    0.    0.    0.    0.    0.    0.    0.  ]
  [ 0.    0.    0.    0.    0.    0.    0.    0.  ]
  [ 0.    0.    0.    0.    0.    0.    0.    0.  ]
  [ 0.    0.    0.    0.    0.    0.    0.    0.  ]
  [ 0.    0.    0.    0.    0.    0.    0.    0.  ]
  [ 0.    0.    0.    0.    0.    0.    0.    0.  ]
  [ 0.    0.    0.    0.    0.    0.    0.    0.  ]
  [ 0.    0.    0.    0.    0.    0.    0.    0.  ]]

 [[ 0.    0.    0.    0.    0.    0.    0.    0.  ]
  [ 0.    0.    0.    0.    0.    0.    0.    0.  ]
  [ 0.    0.    0.    0.    0.    0.    0.    0.  ]
  [ 0.    0.    0.    0.    0.    0.    0.    0.  ]
  [ 0.    0.    0.    0.    0.    0.    0.    0.  ]
  [ 0.    0.    0.    0.    0.    0.    0.    0.  ]
  [ 0.    0.    0.    0.    0.    0.    0.    0.  ]
  [ 0.    0.    0.    0.    0.    0.    0.    0.  ]
  [ 0.    0.    0.    0.    0.    0.    0.    0.  ]
  [ 0.    0.    0.    0.    0.    0.    0.    0.  ]
  [ 0.    0.    0.    0.    0.    0.    0.    0.  ]
  [ 0.    0.    0.    0.    0.    0.    0.    0.  ]
  [ 0.    0.    0.    0.    0.    0.    0.    0.  ]
  [ 0.    0.    0.    0.    0.    0.    0.    0.  ]
  [ 0.    0.    0.    0.    0.    0.    0.    0.  ]
  [ 0.    0.    0.    0.    0.    0.    0.    0.  ]
  [ 0.    0.    0.    0.    0.    0.    0.    0.  ]
  [ 0.    0.    0.    0.    0.    0.    0.    0.  ]
  [ 0.    0.    0.    0.    0.    0.    0.    0.  ]]

 [[ 0.    0.    0.    0.    0.    0.    0.    0.  ]
  [ 0.    0.    0.    0.    0.    0.    0.    0.  ]
  [ 0.    0.    0.    0.    0.    0.    0.    0.  ]
  [ 0.    0.    0.    0.    0.    0.    0.    0.  ]
  [ 0.    0.    0.    0.    0.    0.    0.    0.  ]
  [ 0.    0.    0.    0.    0.    0.    0.    0.  ]
  [ 1.    0.11  0.32  3.26  9.68 -3.47 -0.73  0.17]
  [ 0.    0.    0.    0.    0.    0.    0.    0.  ]
  [ 0.    0.    0.    0.    0.    0.    0.    0.  ]
  [ 0.    0.    0.    0.    0.    0.    0.    0.  ]
  [ 0.    0.    0.    0.    0.    0.    0.    0.  ]
  [ 0.    0.    0.    0.    0.    0.    0.    0.  ]
  [ 0.    0.    0.    0.    0.    0.    0.    0.  ]
  [ 0.    0.    0.    0.    0.    0.    0.    0.  ]
  [ 0.    0.    0.    0.    0.    0.    0.    0.  ]
  [ 0.    0.    0.    0.    0.    0.    0.    0.  ]
  [ 0.    0.    0.    0.    0.    0.    0.    0.  ]
  [ 0.    0.    0.    0.    0.    0.    0.    0.  ]
  [ 0.    0.    0.    0.    0.    0.    0.    0.  ]]

 [[ 0.    0.    0.    0.    0.    0.    0.    0.  ]
  [ 0.    0.    0.    0.    0.    0.    0.    0.  ]
  [ 0.    0.    0.    0.    0.    0.    0.    0.  ]
  [ 0.    0.    0.    0.    0.    0.    0.    0.  ]
  [ 0.    0.    0.    0.    0.    0.    0.    0.  ]
  [ 0.    0.    0.    0.    0.    0.    0.    0.  ]
  [ 0.    0.    0.    0.    0.    0.    0.    0.  ]
  [ 0.    0.    0.    0.    0.    0.    0.    0.  ]
  [ 0.    0.    0.    0.    0.    0.    0.    0.  ]
  [ 0.    0.    0.    0.    0.    0.    0.    0.  ]
  [ 0.    0.    0.    0.    0.    0.    0.    0.  ]
  [ 0.    0.    0.    0.    0.    0.    0.    0.  ]
  [ 0.    0.    0.    0.    0.    0.    0.    0.  ]
  [ 0.    0.    0.    0.    0.    0.    0.    0.  ]
  [ 0.    0.    0.    0.    0.    0.    0.    0.  ]
  [ 0.    0.    0.    0.    0.    0.    0.    0.  ]
  [ 0.    0.    0.    0.    0.    0.    0.    0.  ]
  [ 0.    0.    0.    0.    0.    0.    0.    0.  ]
  [ 0.    0.    0.    0.    0.    0.    0.    0.  ]]

 [[ 0.    0.    0.    0.    0.    0.    0.    0.  ]
  [ 0.    0.    0.    0.    0.    0.    0.    0.  ]
  [ 0.    0.    0.    0.    0.    0.    0.    0.  ]
  [ 0.    0.    0.    0.    0.    0.    0.    0.  ]
  [ 0.    0.    0.    0.    0.    0.    0.    0.  ]
  [ 0.    0.    0.    0.    0.    0.    0.    0.  ]
  [ 0.    0.    0.    0.    0.    0.    0.    0.  ]
  [ 0.    0.    0.    0.    0.    0.    0.    0.  ]
  [ 0.    0.    0.    0.    0.    0.    0.    0.  ]
  [ 0.    0.    0.    0.    0.    0.    0.    0.  ]
  [ 0.    0.    0.    0.    0.    0.    0.    0.  ]
  [ 0.    0.    0.    0.    0.    0.    0.    0.  ]
  [ 0.    0.    0.    0.    0.    0.    0.    0.  ]
  [ 0.    0.    0.    0.    0.    0.    0.    0.  ]
  [ 0.    0.    0.    0.    0.    0.    0.    0.  ]
  [ 0.    0.    0.    0.    0.    0.    0.    0.  ]
  [ 0.    0.    0.    0.    0.    0.    0.    0.  ]
  [ 0.    0.    0.    0.    0.    0.    0.    0.  ]
  [ 0.    0.    0.    0.    0.    0.    0.    0.  ]]

 [[ 0.    0.    0.    0.    0.    0.    0.    0.  ]
  [ 0.    0.    0.    0.    0.    0.    0.    0.  ]
  [ 0.    0.    0.    0.    0.    0.    0.    0.  ]
  [ 0.    0.    0.    0.    0.    0.    0.    0.  ]
  [ 0.    0.    0.    0.    0.    0.    0.    0.  ]
  [ 0.    0.    0.    0.    0.    0.    0.    0.  ]
  [ 0.    0.    0.    0.    0.    0.    0.    0.  ]
  [ 0.    0.    0.    0.    0.    0.    0.    0.  ]
  [ 0.    0.    0.    0.    0.    0.    0.    0.  ]
  [ 0.    0.    0.    0.    0.    0.    0.    0.  ]
  [ 0.    0.    0.    0.    0.    0.    0.    0.  ]
  [ 0.    0.    0.    0.    0.    0.    0.    0.  ]
  [ 0.    0.    0.    0.    0.    0.    0.    0.  ]
  [ 0.    0.    0.    0.    0.    0.    0.    0.  ]
  [ 0.    0.    0.    0.    0.    0.    0.    0.  ]
  [ 0.    0.    0.    0.    0.    0.    0.    0.  ]
  [ 0.    0.    0.    0.    0.    0.    0.    0.  ]
  [ 0.    0.    0.    0.    0.    0.    0.    0.  ]
  [ 0.    0.    0.    0.    0.    0.    0.    0.  ]]

 [[ 0.    0.    0.    0.    0.    0.    0.    0.  ]
  [ 0.    0.    0.    0.    0.    0.    0.    0.  ]
  [ 0.    0.    0.    0.    0.    0.    0.    0.  ]
  [ 0.    0.    0.    0.    0.    0.    0.    0.  ]
  [ 0.    0.    0.    0.    0.    0.    0.    0.  ]
  [ 0.    0.    0.    0.    0.    0.    0.    0.  ]
  [ 0.    0.    0.    0.    0.    0.    0.    0.  ]
  [ 0.    0.    0.    0.    0.    0.    0.    0.  ]
  [ 0.    0.    0.    0.    0.    0.    0.    0.  ]
  [ 0.    0.    0.    0.    0.    0.    0.    0.  ]
  [ 0.    0.    0.    0.    0.    0.    0.    0.  ]
  [ 0.    0.    0.    0.    0.    0.    0.    0.  ]
  [ 0.    0.    0.    0.    0.    0.    0.    0.  ]
  [ 0.    0.    0.    0.    0.    0.    0.    0.  ]
  [ 0.    0.    0.    0.    0.    0.    0.    0.  ]
  [ 0.    0.    0.    0.    0.    0.    0.    0.  ]
  [ 0.    0.    0.    0.    0.    0.    0.    0.  ]
  [ 0.    0.    0.    0.    0.    0.    0.    0.  ]
  [ 0.    0.    0.    0.    0.    0.    0.    0.  ]]

 [[ 0.    0.    0.    0.    0.    0.    0.    0.  ]
  [ 0.    0.    0.    0.    0.    0.    0.    0.  ]
  [ 0.    0.    0.    0.    0.    0.    0.    0.  ]
  [ 0.    0.    0.    0.    0.    0.    0.    0.  ]
  [ 0.    0.    0.    0.    0.    0.    0.    0.  ]
  [ 0.    0.    0.    0.    0.    0.    0.    0.  ]
  [ 0.    0.    0.    0.    0.    0.    0.    0.  ]
  [ 0.    0.    0.    0.    0.    0.    0.    0.  ]
  [ 0.    0.    0.    0.    0.    0.    0.    0.  ]
  [ 0.    0.    0.    0.    0.    0.    0.    0.  ]
  [ 0.    0.    0.    0.    0.    0.    0.    0.  ]
  [ 0.    0.    0.    0.    0.    0.    0.    0.  ]
  [ 0.    0.    0.    0.    0.    0.    0.    0.  ]
  [ 0.    0.    0.    0.    0.    0.    0.    0.  ]
  [ 0.    0.    0.    0.    0.    0.    0.    0.  ]
  [ 0.    0.    0.    0.    0.    0.    0.    0.  ]
  [ 0.    0.    0.    0.    0.    0.    0.    0.  ]
  [ 0.    0.    0.    0.    0.    0.    0.    0.  ]
  [ 0.    0.    0.    0.    0.    0.    0.    0.  ]]

 [[ 0.    0.    0.    0.    0.    0.    0.    0.  ]
  [ 0.    0.    0.    0.    0.    0.    0.    0.  ]
  [ 0.    0.    0.    0.    0.    0.    0.    0.  ]
  [ 0.    0.    0.    0.    0.    0.    0.    0.  ]
  [ 0.    0.    0.    0.    0.    0.    0.    0.  ]
  [ 0.    0.    0.    0.    0.    0.    0.    0.  ]
  [ 0.    0.    0.    0.    0.    0.    0.    0.  ]
  [ 0.    0.    0.    0.    0.    0.    0.    0.  ]
  [ 0.    0.    0.    0.    0.    0.    0.    0.  ]
  [ 0.    0.    0.    0.    0.    0.    0.    0.  ]
  [ 0.    0.    0.    0.    0.    0.    0.    0.  ]
  [ 0.    0.    0.    0.    0.    0.    0.    0.  ]
  [ 0.    0.    0.    0.    0.    0.    0.    0.  ]
  [ 0.    0.    0.    0.    0.    0.    0.    0.  ]
  [ 0.    0.    0.    0.    0.    0.    0.    0.  ]
  [ 0.    0.    0.    0.    0.    0.    0.    0.  ]
  [ 0.    0.    0.    0.    0.    0.    0.    0.  ]
  [ 0.    0.    0.    0.    0.    0.    0.    0.  ]
  [ 0.    0.    0.    0.    0.    0.    0.    0.  ]]

 [[ 0.    0.    0.    0.    0.    0.    0.    0.  ]
  [ 0.    0.    0.    0.    0.    0.    0.    0.  ]
  [ 0.    0.    0.    0.    0.    0.    0.    0.  ]
  [ 0.    0.    0.    0.    0.    0.    0.    0.  ]
  [ 0.    0.    0.    0.    0.    0.    0.    0.  ]
  [ 0.    0.    0.    0.    0.    0.    0.    0.  ]
  [ 0.    0.    0.    0.    0.    0.    0.    0.  ]
  [ 0.    0.    0.    0.    0.    0.    0.    0.  ]
  [ 0.    0.    0.    0.    0.    0.    0.    0.  ]
  [ 0.    0.    0.    0.    0.    0.    0.    0.  ]
  [ 0.    0.    0.    0.    0.    0.    0.    0.  ]
  [ 0.    0.    0.    0.    0.    0.    0.    0.  ]
  [ 0.    0.    0.    0.    0.    0.    0.    0.  ]
  [ 0.    0.    0.    0.    0.    0.    0.    0.  ]
  [ 0.    0.    0.    0.    0.    0.    0.    0.  ]
  [ 0.    0.    0.    0.    0.    0.    0.    0.  ]
  [ 0.    0.    0.    0.    0.    0.    0.    0.  ]
  [ 0.    0.    0.    0.    0.    0.    0.    0.  ]
  [ 0.    0.    0.    0.    0.    0.    0.    0.  ]]

 [[ 0.    0.    0.    0.    0.    0.    0.    0.  ]
  [ 0.    0.    0.    0.    0.    0.    0.    0.  ]
  [ 0.    0.    0.    0.    0.    0.    0.    0.  ]
  [ 0.    0.    0.    0.    0.    0.    0.    0.  ]
  [ 0.    0.    0.    0.    0.    0.    0.    0.  ]
  [ 0.    0.    0.    0.    0.    0.    0.    0.  ]
  [ 0.    0.    0.    0.    0.    0.    0.    0.  ]
  [ 0.    0.    0.    0.    0.    0.    0.    0.  ]
  [ 0.    0.    0.    0.    0.    0.    0.    0.  ]
  [ 0.    0.    0.    0.    0.    0.    0.    0.  ]
  [ 0.    0.    0.    0.    0.    0.    0.    0.  ]
  [ 0.    0.    0.    0.    0.    0.    0.    0.  ]
  [ 0.    0.    0.    0.    0.    0.    0.    0.  ]
  [ 0.    0.    0.    0.    0.    0.    0.    0.  ]
  [ 0.    0.    0.    0.    0.    0.    0.    0.  ]
  [ 0.    0.    0.    0.    0.    0.    0.    0.  ]
  [ 0.    0.    0.    0.    0.    0.    0.    0.  ]
  [ 0.    0.    0.    0.    0.    0.    0.    0.  ]
  [ 0.    0.    0.    0.    0.    0.    0.    0.  ]]]