[[[ 0.    0.    0.    0.    0.    0.    0.    0.  ]
  [ 0.    0.    0.    0.    0.    0.    0.    0.  ]
  [ 0.    0.    0.    0.    0.    0.    0.    0.  ]
  [ 0.    0.    0.    0.    0.    0.    0.    0.  ]
  [ 0.    0.    0.    0.    0.    0.    0.    0.  ]
  [ 0.    0.    0.    0.    0.    0.    0.    0.  ]
  [ 0.    0.    0.    0.    0.    0.    0.    0.  ]
  [ 0.    0.    0.    0.    0.    0.    0.    0.  ]
  [ 0.    0.    0.    0.    0.    0.    0.    0.  ]
  [ 0.    0.    0.    0.    0.    0.    0.    0.  ]
  [ 0.    0.    0.    0.    0.    0.    0.    0.  ]
  [ 0.    0.    0.    0.    0.    0.    0.    0.  ]
  [ 0.    0.    0.    0.    0.    0.    0.    0.  ]
  [ 0.    0.    0.    0.    0.    0.    0.    0.  ]
  [ 0.    0.    0.    0.    0.    0.    0.    0.  ]
  [ 0.    0.    0.    0.    0.    0.    0.    0.  ]
  [ 0.    0.    0.    0.    0.    0.    0.    0.  ]
  [ 0.    0.    0.    0.    0.    0.    0.    0.  ]
  [ 0.    0.    0.    0.    0.    0.    0.    0.  ]]

 [[ 0.    0.    0.    0.    0.    0.    0.    0.  ]
  [ 0.    0.    0.    0.    0.    0.    0.    0.  ]
  [ 0.    0.    0.    0.    0.    0.    0.    0.  ]
  [ 0.    0.    0.    0.    0.    0.    0.    0.  ]
  [ 0.    0.    0.    0.    0.    0.    0.    0.  ]
  [ 0.    0.    0.    0.    0.    0.    0.    0.  ]
  [ 1.    0.79  0.    2.37  5.16  1.96  3.6   0.82]
  [ 0.    0.    0.    0.    0.    0.    0.    0.  ]
  [ 0.    0.    0.    0.    0.    0.    0.    0.  ]
  [ 0.    0.    0.    0.    0.    0.    0.    0.  ]
  [ 0.    0.    0.    0.    0.    0.    0.    0.  ]
  [ 0.    0.    0.    0.    0.    0.    0.    0.  ]
  [ 0.    0.    0.    0.    0.    0.    0.    0.  ]
  [ 0.    0.    0.    0.    0.    0.    0.    0.  ]
  [ 0.    0.    0.    0.    0.    0.    0.    0.  ]
  [ 0.    0.    0.    0.    0.    0.    0.    0.  ]
  [ 0.    0.    0.    0.    0.    0.    0.    0.  ]
  [ 0.    0.    0.    0.    0.    0.    0.    0.  ]
  [ 0.    0.    0.    0.    0.    0.    0.    0.  ]]

 [[ 0.    0.    0.    0.    0.    0.    0.    0.  ]
  [ 0.    0.    0.    0.    0.    0.    0.    0.  ]
  [ 0.    0.    0.    0.    0.    0.    0.    0.  ]
  [ 0.    0.    0.    0.    0.    0.    0.    0.  ]
  [ 0.    0.    0.    0.    0.    0.    0.    0.  ]
  [ 0.    0.    0.    0.    0.    0.    0.    0.  ]
  [ 0.    0.    0.    0.    0.    0.    0.    0.  ]
  [ 0.    0.    0.    0.    0.    0.    0.    0.  ]
  [ 0.    0.    0.    0.    0.    0.    0.    0.  ]
  [ 0.    0.    0.    0.    0.    0.    0.    0.  ]
  [ 0.    0.    0.    0.    0.    0.    0.    0.  ]
  [ 0.    0.    0.    0.    0.    0.    0.    0.  ]
  [ 0.    0.    0.    0.    0.    0.    0.    0.  ]
  [ 0.    0.    0.    0.    0.    0.    0.    0.  ]
  [ 0.    0.    0.    0.    0.    0.    0.    0.  ]
  [ 0.    0.    0.    0.    0.    0.    0.    0.  ]
  [ 0.    0.    0.    0.    0.    0.    0.    0.  ]
  [ 0.    0.    0.    0.    0.    0.    0.    0.  ]
  [ 0.    0.    0.    0.    0.    0.    0.    0.  ]]

 [[ 0.    0.    0.    0.    0.    0.    0.    0.  ]
  [ 0.    0.    0.    0.    0.    0.    0.    0.  ]
  [ 0.    0.    0.    0.    0.    0.    0.    0.  ]
  [ 0.    0.    0.    0.    0.    0.    0.    0.  ]
  [ 0.    0.    0.    0.    0.    0.    0.    0.  ]
  [ 0.    0.    0.    0.    0.    0.    0.    0.  ]
  [ 0.    0.    0.    0.    0.    0.    0.    0.  ]
  [ 0.    0.    0.    0.    0.    0.    0.    0.  ]
  [ 0.    0.    0.    0.    0.    0.    0.    0.  ]
  [ 0.    0.    0.    0.    0.    0.    0.    0.  ]
  [ 0.    0.    0.    0.    0.    0.    0.    0.  ]
  [ 0.    0.    0.    0.    0.    0.    0.    0.  ]
  [ 0.    0.    0.    0.    0.    0.    0.    0.  ]
  [ 0.    0.    0.    0.    0.    0.    0.    0.  ]
  [ 0.    0.    0.    0.    0.    0.    0.    0.  ]
  [ 0.    0.    0.    0.    0.    0.    0.    0.  ]
  [ 0.    0.    0.    0.    0.    0.    0.    0.  ]
  [ 0.    0.    0.    0.    0.    0.    0.    0.  ]
  [ 0.    0.    0.    0.    0.    0.    0.    0.  ]]

 [[ 0.    0.    0.    0.    0.    0.    0.    0.  ]
  [ 0.    0.    0.    0.    0.    0.    0.    0.  ]
  [ 0.    0.    0.    0.    0.    0.    0.    0.  ]
  [ 0.    0.    0.    0.    0.    0.    0.    0.  ]
  [ 0.    0.    0.    0.    0.    0.    0.    0.  ]
  [ 0.    0.    0.    0.    0.    0.    0.    0.  ]
  [ 0.    0.    0.    0.    0.    0.    0.    0.  ]
  [ 0.    0.    0.    0.    0.    0.    0.    0.  ]
  [ 0.    0.    0.    0.    0.    0.    0.    0.  ]
  [ 0.    0.    0.    0.    0.    0.    0.    0.  ]
  [ 0.    0.    0.    0.    0.    0.    0.    0.  ]
  [ 0.    0.    0.    0.    0.    0.    0.    0.  ]
  [ 0.    0.    0.    0.    0.    0.    0.    0.  ]
  [ 0.    0.    0.    0.    0.    0.    0.    0.  ]
  [ 0.    0.    0.    0.    0.    0.    0.    0.  ]
  [ 0.    0.    0.    0.    0.    0.    0.    0.  ]
  [ 0.    0.    0.    0.    0.    0.    0.    0.  ]
  [ 0.    0.    0.    0.    0.    0.    0.    0.  ]
  [ 0.    0.    0.    0.    0.    0.    0.    0.  ]]

 [[ 0.    0.    0.    0.    0.    0.    0.    0.  ]
  [ 0.    0.    0.    0.    0.    0.    0.    0.  ]
  [ 0.    0.    0.    0.    0.    0.    0.    0.  ]
  [ 0.    0.    0.    0.    0.    0.    0.    0.  ]
  [ 0.    0.    0.    0.    0.    0.    0.    0.  ]
  [ 0.    0.    0.    0.    0.    0.    0.    0.  ]
  [ 0.    0.    0.    0.    0.    0.    0.    0.  ]
  [ 0.    0.    0.    0.    0.    0.    0.    0.  ]
  [ 0.    0.    0.    0.    0.    0.    0.    0.  ]
  [ 0.    0.    0.    0.    0.    0.    0.    0.  ]
  [ 0.    0.    0.    0.    0.    0.    0.    0.  ]
  [ 0.    0.    0.    0.    0.    0.    0.    0.  ]
  [ 0.    0.    0.    0.    0.    0.    0.    0.  ]
  [ 0.    0.    0.    0.    0.    0.    0.    0.  ]
  [ 0.    0.    0.    0.    0.    0.    0.    0.  ]
  [ 0.    0.    0.    0.    0.    0.    0.    0.  ]
  [ 0.    0.    0.    0.    0.    0.    0.    0.  ]
  [ 0.    0.    0.    0.    0.    0.    0.    0.  ]
  [ 0.    0.    0.    0.    0.    0.    0.    0.  ]]

 [[ 0.    0.    0.    0.    0.    0.    0.    0.  ]
  [ 0.    0.    0.    0.    0.    0.    0.    0.  ]
  [ 0.    0.    0.    0.    0.    0.    0.    0.  ]
  [ 0.    0.    0.    0.    0.    0.    0.    0.  ]
  [ 0.    0.    0.    0.    0.    0.    0.    0.  ]
  [ 0.    0.    0.    0.    0.    0.    0.    0.  ]
  [ 0.    0.    0.    0.    0.    0.    0.    0.  ]
  [ 0.    0.    0.    0.    0.    0.    0.    0.  ]
  [ 0.    0.    0.    0.    0.    0.    0.    0.  ]
  [ 0.    0.    0.    0.    0.    0.    0.    0.  ]
  [ 0.    0.    0.    0.    0.    0.    0.    0.  ]
  [ 0.    0.    0.    0.    0.    0.    0.    0.  ]
  [ 0.    0.    0.    0.    0.    0.    0.    0.  ]
  [ 0.    0.    0.    0.    0.    0.    0.    0.  ]
  [ 0.    0.    0.    0.    0.    0.    0.    0.  ]
  [ 0.    0.    0.    0.    0.    0.    0.    0.  ]
  [ 0.    0.    0.    0.    0.    0.    0.    0.  ]
  [ 0.    0.    0.    0.    0.    0.    0.    0.  ]
  [ 0.    0.    0.    0.    0.    0.    0.    0.  ]]

 [[ 0.    0.    0.    0.    0.    0.    0.    0.  ]
  [ 0.    0.    0.    0.    0.    0.    0.    0.  ]
  [ 0.    0.    0.    0.    0.    0.    0.    0.  ]
  [ 0.    0.    0.    0.    0.    0.    0.    0.  ]
  [ 0.    0.    0.    0.    0.    0.    0.    0.  ]
  [ 0.    0.    0.    0.    0.    0.    0.    0.  ]
  [ 0.    0.    0.    0.    0.    0.    0.    0.  ]
  [ 0.    0.    0.    0.    0.    0.    0.    0.  ]
  [ 0.    0.    0.    0.    0.    0.    0.    0.  ]
  [ 0.    0.    0.    0.    0.    0.    0.    0.  ]
  [ 0.    0.    0.    0.    0.    0.    0.    0.  ]
  [ 0.    0.    0.    0.    0.    0.    0.    0.  ]
  [ 0.    0.    0.    0.    0.    0.    0.    0.  ]
  [ 0.    0.    0.    0.    0.    0.    0.    0.  ]
  [ 0.    0.    0.    0.    0.    0.    0.    0.  ]
  [ 0.    0.    0.    0.    0.    0.    0.    0.  ]
  [ 0.    0.    0.    0.    0.    0.    0.    0.  ]
  [ 0.    0.    0.    0.    0.    0.    0.    0.  ]
  [ 0.    0.    0.    0.    0.    0.    0.    0.  ]]

 [[ 0.    0.    0.    0.    0.    0.    0.    0.  ]
  [ 0.    0.    0.    0.    0.    0.    0.    0.  ]
  [ 0.    0.    0.    0.    0.    0.    0.    0.  ]
  [ 0.    0.    0.    0.    0.    0.    0.    0.  ]
  [ 0.    0.    0.    0.    0.    0.    0.    0.  ]
  [ 1.    0.84  0.89  5.74 11.74  1.96  3.6   0.82]
  [ 0.    0.    0.    0.    0.    0.    0.    0.  ]
  [ 0.    0.    0.    0.    0.    0.    0.    0.  ]
  [ 0.    0.    0.    0.    0.    0.    0.    0.  ]
  [ 0.    0.    0.    0.    0.    0.    0.    0.  ]
  [ 0.    0.    0.    0.    0.    0.    0.    0.  ]
  [ 0.    0.    0.    0.    0.    0.    0.    0.  ]
  [ 0.    0.    0.    0.    0.    0.    0.    0.  ]
  [ 0.    0.    0.    0.    0.    0.    0.    0.  ]
  [ 0.    0.    0.    0.    0.    0.    0.    0.  ]
  [ 0.    0.    0.    0.    0.    0.    0.    0.  ]
  [ 0.    0.    0.    0.    0.    0.    0.    0.  ]
  [ 0.    0.    0.    0.    0.    0.    0.    0.  ]
  [ 0.    0.    0.    0.    0.    0.    0.    0.  ]]

 [[ 0.    0.    0.    0.    0.    0.    0.    0.  ]
  [ 0.    0.    0.    0.    0.    0.    0.    0.  ]
  [ 0.    0.    0.    0.    0.    0.    0.    0.  ]
  [ 0.    0.    0.    0.    0.    0.    0.    0.  ]
  [ 0.    0.    0.    0.    0.    0.    0.    0.  ]
  [ 0.    0.    0.    0.    0.    0.    0.    0.  ]
  [ 0.    0.    0.    0.    0.    0.    0.    0.  ]
  [ 0.    0.    0.    0.    0.    0.    0.    0.  ]
  [ 0.    0.    0.    0.    0.    0.    0.    0.  ]
  [ 0.    0.    0.    0.    0.    0.    0.    0.  ]
  [ 0.    0.    0.    0.    0.    0.    0.    0.  ]
  [ 0.    0.    0.    0.    0.    0.    0.    0.  ]
  [ 0.    0.    0.    0.    0.    0.    0.    0.  ]
  [ 0.    0.    0.    0.    0.    0.    0.    0.  ]
  [ 0.    0.    0.    0.    0.    0.    0.    0.  ]
  [ 0.    0.    0.    0.    0.    0.    0.    0.  ]
  [ 0.    0.    0.    0.    0.    0.    0.    0.  ]
  [ 0.    0.    0.    0.    0.    0.    0.    0.  ]
  [ 0.    0.    0.    0.    0.    0.    0.    0.  ]]

 [[ 0.    0.    0.    0.    0.    0.    0.    0.  ]
  [ 0.    0.    0.    0.    0.    0.    0.    0.  ]
  [ 0.    0.    0.    0.    0.    0.    0.    0.  ]
  [ 0.    0.    0.    0.    0.    0.    0.    0.  ]
  [ 0.    0.    0.    0.    0.    0.    0.    0.  ]
  [ 0.    0.    0.    0.    0.    0.    0.    0.  ]
  [ 0.    0.    0.    0.    0.    0.    0.    0.  ]
  [ 0.    0.    0.    0.    0.    0.    0.    0.  ]
  [ 0.    0.    0.    0.    0.    0.    0.    0.  ]
  [ 0.    0.    0.    0.    0.    0.    0.    0.  ]
  [ 0.    0.    0.    0.    0.    0.    0.    0.  ]
  [ 0.    0.    0.    0.    0.    0.    0.    0.  ]
  [ 0.    0.    0.    0.    0.    0.    0.    0.  ]
  [ 0.    0.    0.    0.    0.    0.    0.    0.  ]
  [ 0.    0.    0.    0.    0.    0.    0.    0.  ]
  [ 0.    0.    0.    0.    0.    0.    0.    0.  ]
  [ 0.    0.    0.    0.    0.    0.    0.    0.  ]
  [ 0.    0.    0.    0.    0.    0.    0.    0.  ]
  [ 0.    0.    0.    0.    0.    0.    0.    0.  ]]

 [[ 0.    0.    0.    0.    0.    0.    0.    0.  ]
  [ 0.    0.    0.    0.    0.    0.    0.    0.  ]
  [ 0.    0.    0.    0.    0.    0.    0.    0.  ]
  [ 0.    0.    0.    0.    0.    0.    0.    0.  ]
  [ 0.    0.    0.    0.    0.    0.    0.    0.  ]
  [ 0.    0.    0.    0.    0.    0.    0.    0.  ]
  [ 0.    0.    0.    0.    0.    0.    0.    0.  ]
  [ 0.    0.    0.    0.    0.    0.    0.    0.  ]
  [ 0.    0.    0.    0.    0.    0.    0.    0.  ]
  [ 0.    0.    0.    0.    0.    0.    0.    0.  ]
  [ 0.    0.    0.    0.    0.    0.    0.    0.  ]
  [ 0.    0.    0.    0.    0.    0.    0.    0.  ]
  [ 0.    0.    0.    0.    0.    0.    0.    0.  ]
  [ 0.    0.    0.    0.    0.    0.    0.    0.  ]
  [ 0.    0.    0.    0.    0.    0.    0.    0.  ]
  [ 0.    0.    0.    0.    0.    0.    0.    0.  ]
  [ 0.    0.    0.    0.    0.    0.    0.    0.  ]
  [ 0.    0.    0.    0.    0.    0.    0.    0.  ]
  [ 0.    0.    0.    0.    0.    0.    0.    0.  ]]

 [[ 0.    0.    0.    0.    0.    0.    0.    0.  ]
  [ 0.    0.    0.    0.    0.    0.    0.    0.  ]
  [ 0.    0.    0.    0.    0.    0.    0.    0.  ]
  [ 0.    0.    0.    0.    0.    0.    0.    0.  ]
  [ 0.    0.    0.    0.    0.    0.    0.    0.  ]
  [ 0.    0.    0.    0.    0.    0.    0.    0.  ]
  [ 0.    0.    0.    0.    0.    0.    0.    0.  ]
  [ 0.    0.    0.    0.    0.    0.    0.    0.  ]
  [ 0.    0.    0.    0.    0.    0.    0.    0.  ]
  [ 0.    0.    0.    0.    0.    0.    0.    0.  ]
  [ 0.    0.    0.    0.    0.    0.    0.    0.  ]
  [ 0.    0.    0.    0.    0.    0.    0.    0.  ]
  [ 0.    0.    0.    0.    0.    0.    0.    0.  ]
  [ 0.    0.    0.    0.    0.    0.    0.    0.  ]
  [ 0.    0.    0.    0.    0.    0.    0.    0.  ]
  [ 0.    0.    0.    0.    0.    0.    0.    0.  ]
  [ 0.    0.    0.    0.    0.    0.    0.    0.  ]
  [ 0.    0.    0.    0.    0.    0.    0.    0.  ]
  [ 0.    0.    0.    0.    0.    0.    0.    0.  ]]

 [[ 0.    0.    0.    0.    0.    0.    0.    0.  ]
  [ 0.    0.    0.    0.    0.    0.    0.    0.  ]
  [ 0.    0.    0.    0.    0.    0.    0.    0.  ]
  [ 0.    0.    0.    0.    0.    0.    0.    0.  ]
  [ 0.    0.    0.    0.    0.    0.    0.    0.  ]
  [ 0.    0.    0.    0.    0.    0.    0.    0.  ]
  [ 0.    0.    0.    0.    0.    0.    0.    0.  ]
  [ 0.    0.    0.    0.    0.    0.    0.    0.  ]
  [ 0.    0.    0.    0.    0.    0.    0.    0.  ]
  [ 0.    0.    0.    0.    0.    0.    0.    0.  ]
  [ 0.    0.    0.    0.    0.    0.    0.    0.  ]
  [ 0.    0.    0.    0.    0.    0.    0.    0.  ]
  [ 0.    0.    0.    0.    0.    0.    0.    0.  ]
  [ 0.    0.    0.    0.    0.    0.    0.    0.  ]
  [ 0.    0.    0.    0.    0.    0.    0.    0.  ]
  [ 0.    0.    0.    0.    0.    0.    0.    0.  ]
  [ 0.    0.    0.    0.    0.    0.    0.    0.  ]
  [ 0.    0.    0.    0.    0.    0.    0.    0.  ]
  [ 0.    0.    0.    0.    0.    0.    0.    0.  ]]

 [[ 0.    0.    0.    0.    0.    0.    0.    0.  ]
  [ 0.    0.    0.    0.    0.    0.    0.    0.  ]
  [ 0.    0.    0.    0.    0.    0.    0.    0.  ]
  [ 0.    0.    0.    0.    0.    0.    0.    0.  ]
  [ 0.    0.    0.    0.    0.    0.    0.    0.  ]
  [ 0.    0.    0.    0.    0.    0.    0.    0.  ]
  [ 0.    0.    0.    0.    0.    0.    0.    0.  ]
  [ 0.    0.    0.    0.    0.    0.    0.    0.  ]
  [ 0.    0.    0.    0.    0.    0.    0.    0.  ]
  [ 0.    0.    0.    0.    0.    0.    0.    0.  ]
  [ 0.    0.    0.    0.    0.    0.    0.    0.  ]
  [ 0.    0.    0.    0.    0.    0.    0.    0.  ]
  [ 0.    0.    0.    0.    0.    0.    0.    0.  ]
  [ 0.    0.    0.    0.    0.    0.    0.    0.  ]
  [ 0.    0.    0.    0.    0.    0.    0.    0.  ]
  [ 0.    0.    0.    0.    0.    0.    0.    0.  ]
  [ 0.    0.    0.    0.    0.    0.    0.    0.  ]
  [ 0.    0.    0.    0.    0.    0.    0.    0.  ]
  [ 0.    0.    0.    0.    0.    0.    0.    0.  ]]

 [[ 0.    0.    0.    0.    0.    0.    0.    0.  ]
  [ 0.    0.    0.    0.    0.    0.    0.    0.  ]
  [ 0.    0.    0.    0.    0.    0.    0.    0.  ]
  [ 0.    0.    0.    0.    0.    0.    0.    0.  ]
  [ 0.    0.    0.    0.    0.    0.    0.    0.  ]
  [ 0.    0.    0.    0.    0.    0.    0.    0.  ]
  [ 0.    0.    0.    0.    0.    0.    0.    0.  ]
  [ 0.    0.    0.    0.    0.    0.    0.    0.  ]
  [ 0.    0.    0.    0.    0.    0.    0.    0.  ]
  [ 0.    0.    0.    0.    0.    0.    0.    0.  ]
  [ 0.    0.    0.    0.    0.    0.    0.    0.  ]
  [ 0.    0.    0.    0.    0.    0.    0.    0.  ]
  [ 0.    0.    0.    0.    0.    0.    0.    0.  ]
  [ 0.    0.    0.    0.    0.    0.    0.    0.  ]
  [ 0.    0.    0.    0.    0.    0.    0.    0.  ]
  [ 0.    0.    0.    0.    0.    0.    0.    0.  ]
  [ 0.    0.    0.    0.    0.    0.    0.    0.  ]
  [ 0.    0.    0.    0.    0.    0.    0.    0.  ]
  [ 0.    0.    0.    0.    0.    0.    0.    0.  ]]

 [[ 0.    0.    0.    0.    0.    0.    0.    0.  ]
  [ 0.    0.    0.    0.    0.    0.    0.    0.  ]
  [ 0.    0.    0.    0.    0.    0.    0.    0.  ]
  [ 0.    0.    0.    0.    0.    0.    0.    0.  ]
  [ 0.    0.    0.    0.    0.    0.    0.    0.  ]
  [ 0.    0.    0.    0.    0.    0.    0.    0.  ]
  [ 0.    0.    0.    0.    0.    0.    0.    0.  ]
  [ 0.    0.    0.    0.    0.    0.    0.    0.  ]
  [ 0.    0.    0.    0.    0.    0.    0.    0.  ]
  [ 0.    0.    0.    0.    0.    0.    0.    0.  ]
  [ 0.    0.    0.    0.    0.    0.    0.    0.  ]
  [ 0.    0.    0.    0.    0.    0.    0.    0.  ]
  [ 0.    0.    0.    0.    0.    0.    0.    0.  ]
  [ 0.    0.    0.    0.    0.    0.    0.    0.  ]
  [ 0.    0.    0.    0.    0.    0.    0.    0.  ]
  [ 0.    0.    0.    0.    0.    0.    0.    0.  ]
  [ 0.    0.    0.    0.    0.    0.    0.    0.  ]
  [ 0.    0.    0.    0.    0.    0.    0.    0.  ]
  [ 0.    0.    0.    0.    0.    0.    0.    0.  ]]

 [[ 0.    0.    0.    0.    0.    0.    0.    0.  ]
  [ 0.    0.    0.    0.    0.    0.    0.    0.  ]
  [ 0.    0.    0.    0.    0.    0.    0.    0.  ]
  [ 0.    0.    0.    0.    0.    0.    0.    0.  ]
  [ 0.    0.    0.    0.    0.    0.    0.    0.  ]
  [ 0.    0.    0.    0.    0.    0.    0.    0.  ]
  [ 0.    0.    0.    0.    0.    0.    0.    0.  ]
  [ 0.    0.    0.    0.    0.    0.    0.    0.  ]
  [ 0.    0.    0.    0.    0.    0.    0.    0.  ]
  [ 0.    0.    0.    0.    0.    0.    0.    0.  ]
  [ 0.    0.    0.    0.    0.    0.    0.    0.  ]
  [ 0.    0.    0.    0.    0.    0.    0.    0.  ]
  [ 0.    0.    0.    0.    0.    0.    0.    0.  ]
  [ 0.    0.    0.    0.    0.    0.    0.    0.  ]
  [ 0.    0.    0.    0.    0.    0.    0.    0.  ]
  [ 0.    0.    0.    0.    0.    0.    0.    0.  ]
  [ 0.    0.    0.    0.    0.    0.    0.    0.  ]
  [ 0.    0.    0.    0.    0.    0.    0.    0.  ]
  [ 0.    0.    0.    0.    0.    0.    0.    0.  ]]

 [[ 0.    0.    0.    0.    0.    0.    0.    0.  ]
  [ 0.    0.    0.    0.    0.    0.    0.    0.  ]
  [ 0.    0.    0.    0.    0.    0.    0.    0.  ]
  [ 0.    0.    0.    0.    0.    0.    0.    0.  ]
  [ 0.    0.    0.    0.    0.    0.    0.    0.  ]
  [ 0.    0.    0.    0.    0.    0.    0.    0.  ]
  [ 0.    0.    0.    0.    0.    0.    0.    0.  ]
  [ 0.    0.    0.    0.    0.    0.    0.    0.  ]
  [ 0.    0.    0.    0.    0.    0.    0.    0.  ]
  [ 0.    0.    0.    0.    0.    0.    0.    0.  ]
  [ 0.    0.    0.    0.    0.    0.    0.    0.  ]
  [ 0.    0.    0.    0.    0.    0.    0.    0.  ]
  [ 0.    0.    0.    0.    0.    0.    0.    0.  ]
  [ 0.    0.    0.    0.    0.    0.    0.    0.  ]
  [ 0.    0.    0.    0.    0.    0.    0.    0.  ]
  [ 0.    0.    0.    0.    0.    0.    0.    0.  ]
  [ 0.    0.    0.    0.    0.    0.    0.    0.  ]
  [ 0.    0.    0.    0.    0.    0.    0.    0.  ]
  [ 0.    0.    0.    0.    0.    0.    0.    0.  ]]]