[[[0.   0.   0.   0.   0.   0.   0.   0.  ]
  [0.   0.   0.   0.   0.   0.   0.   0.  ]
  [0.   0.   0.   0.   0.   0.   0.   0.  ]
  [0.   0.   0.   0.   0.   0.   0.   0.  ]
  [0.   0.   0.   0.   0.   0.   0.   0.  ]
  [0.   0.   0.   0.   0.   0.   0.   0.  ]
  [0.   0.   0.   0.   0.   0.   0.   0.  ]
  [0.   0.   0.   0.   0.   0.   0.   0.  ]
  [0.   0.   0.   0.   0.   0.   0.   0.  ]
  [0.   0.   0.   0.   0.   0.   0.   0.  ]
  [0.   0.   0.   0.   0.   0.   0.   0.  ]
  [0.   0.   0.   0.   0.   0.   0.   0.  ]
  [0.   0.   0.   0.   0.   0.   0.   0.  ]
  [0.   0.   0.   0.   0.   0.   0.   0.  ]
  [0.   0.   0.   0.   0.   0.   0.   0.  ]
  [0.   0.   0.   0.   0.   0.   0.   0.  ]
  [0.   0.   0.   0.   0.   0.   0.   0.  ]
  [0.   0.   0.   0.   0.   0.   0.   0.  ]
  [0.   0.   0.   0.   0.   0.   0.   0.  ]]

 [[0.   0.   0.   0.   0.   0.   0.   0.  ]
  [0.   0.   0.   0.   0.   0.   0.   0.  ]
  [0.   0.   0.   0.   0.   0.   0.   0.  ]
  [0.   0.   0.   0.   0.   0.   0.   0.  ]
  [0.   0.   0.   0.   0.   0.   0.   0.  ]
  [0.   0.   0.   0.   0.   0.   0.   0.  ]
  [0.   0.   0.   0.   0.   0.   0.   0.  ]
  [0.   0.   0.   0.   0.   0.   0.   0.  ]
  [0.   0.   0.   0.   0.   0.   0.   0.  ]
  [0.   0.   0.   0.   0.   0.   0.   0.  ]
  [0.   0.   0.   0.   0.   0.   0.   0.  ]
  [0.   0.   0.   0.   0.   0.   0.   0.  ]
  [0.   0.   0.   0.   0.   0.   0.   0.  ]
  [0.   0.   0.   0.   0.   0.   0.   0.  ]
  [0.   0.   0.   0.   0.   0.   0.   0.  ]
  [0.   0.   0.   0.   0.   0.   0.   0.  ]
  [0.   0.   0.   0.   0.   0.   0.   0.  ]
  [0.   0.   0.   0.   0.   0.   0.   0.  ]
  [0.   0.   0.   0.   0.   0.   0.   0.  ]]

 [[0.   0.   0.   0.   0.   0.   0.   0.  ]
  [0.   0.   0.   0.   0.   0.   0.   0.  ]
  [0.   0.   0.   0.   0.   0.   0.   0.  ]
  [0.   0.   0.   0.   0.   0.   0.   0.  ]
  [0.   0.   0.   0.   0.   0.   0.   0.  ]
  [0.   0.   0.   0.   0.   0.   0.   0.  ]
  [0.   0.   0.   0.   0.   0.   0.   0.  ]
  [0.   0.   0.   0.   0.   0.   0.   0.  ]
  [0.   0.   0.   0.   0.   0.   0.   0.  ]
  [0.   0.   0.   0.   0.   0.   0.   0.  ]
  [0.   0.   0.   0.   0.   0.   0.   0.  ]
  [0.   0.   0.   0.   0.   0.   0.   0.  ]
  [0.   0.   0.   0.   0.   0.   0.   0.  ]
  [0.   0.   0.   0.   0.   0.   0.   0.  ]
  [0.   0.   0.   0.   0.   0.   0.   0.  ]
  [0.   0.   0.   0.   0.   0.   0.   0.  ]
  [0.   0.   0.   0.   0.   0.   0.   0.  ]
  [0.   0.   0.   0.   0.   0.   0.   0.  ]
  [0.   0.   0.   0.   0.   0.   0.   0.  ]]

 [[0.   0.   0.   0.   0.   0.   0.   0.  ]
  [0.   0.   0.   0.   0.   0.   0.   0.  ]
  [0.   0.   0.   0.   0.   0.   0.   0.  ]
  [0.   0.   0.   0.   0.   0.   0.   0.  ]
  [0.   0.   0.   0.   0.   0.   0.   0.  ]
  [1.   0.68 0.89 1.74 5.58 1.72 4.03 0.9 ]
  [0.   0.   0.   0.   0.   0.   0.   0.  ]
  [0.   0.   0.   0.   0.   0.   0.   0.  ]
  [0.   0.   0.   0.   0.   0.   0.   0.  ]
  [0.   0.   0.   0.   0.   0.   0.   0.  ]
  [0.   0.   0.   0.   0.   0.   0.   0.  ]
  [0.   0.   0.   0.   0.   0.   0.   0.  ]
  [0.   0.   0.   0.   0.   0.   0.   0.  ]
  [0.   0.   0.   0.   0.   0.   0.   0.  ]
  [0.   0.   0.   0.   0.   0.   0.   0.  ]
  [0.   0.   0.   0.   0.   0.   0.   0.  ]
  [0.   0.   0.   0.   0.   0.   0.   0.  ]
  [0.   0.   0.   0.   0.   0.   0.   0.  ]
  [0.   0.   0.   0.   0.   0.   0.   0.  ]]

 [[0.   0.   0.   0.   0.   0.   0.   0.  ]
  [0.   0.   0.   0.   0.   0.   0.   0.  ]
  [0.   0.   0.   0.   0.   0.   0.   0.  ]
  [0.   0.   0.   0.   0.   0.   0.   0.  ]
  [0.   0.   0.   0.   0.   0.   0.   0.  ]
  [0.   0.   0.   0.   0.   0.   0.   0.  ]
  [0.   0.   0.   0.   0.   0.   0.   0.  ]
  [0.   0.   0.   0.   0.   0.   0.   0.  ]
  [0.   0.   0.   0.   0.   0.   0.   0.  ]
  [0.   0.   0.   0.   0.   0.   0.   0.  ]
  [0.   0.   0.   0.   0.   0.   0.   0.  ]
  [0.   0.   0.   0.   0.   0.   0.   0.  ]
  [0.   0.   0.   0.   0.   0.   0.   0.  ]
  [0.   0.   0.   0.   0.   0.   0.   0.  ]
  [0.   0.   0.   0.   0.   0.   0.   0.  ]
  [0.   0.   0.   0.   0.   0.   0.   0.  ]
  [0.   0.   0.   0.   0.   0.   0.   0.  ]
  [0.   0.   0.   0.   0.   0.   0.   0.  ]
  [0.   0.   0.   0.   0.   0.   0.   0.  ]]

 [[0.   0.   0.   0.   0.   0.   0.   0.  ]
  [0.   0.   0.   0.   0.   0.   0.   0.  ]
  [0.   0.   0.   0.   0.   0.   0.   0.  ]
  [0.   0.   0.   0.   0.   0.   0.   0.  ]
  [0.   0.   0.   0.   0.   0.   0.   0.  ]
  [0.   0.   0.   0.   0.   0.   0.   0.  ]
  [0.   0.   0.   0.   0.   0.   0.   0.  ]
  [0.   0.   0.   0.   0.   0.   0.   0.  ]
  [0.   0.   0.   0.   0.   0.   0.   0.  ]
  [0.   0.   0.   0.   0.   0.   0.   0.  ]
  [0.   0.   0.   0.   0.   0.   0.   0.  ]
  [0.   0.   0.   0.   0.   0.   0.   0.  ]
  [0.   0.   0.   0.   0.   0.   0.   0.  ]
  [0.   0.   0.   0.   0.   0.   0.   0.  ]
  [0.   0.   0.   0.   0.   0.   0.   0.  ]
  [0.   0.   0.   0.   0.   0.   0.   0.  ]
  [0.   0.   0.   0.   0.   0.   0.   0.  ]
  [0.   0.   0.   0.   0.   0.   0.   0.  ]
  [0.   0.   0.   0.   0.   0.   0.   0.  ]]

 [[0.   0.   0.   0.   0.   0.   0.   0.  ]
  [0.   0.   0.   0.   0.   0.   0.   0.  ]
  [0.   0.   0.   0.   0.   0.   0.   0.  ]
  [0.   0.   0.   0.   0.   0.   0.   0.  ]
  [0.   0.   0.   0.   0.   0.   0.   0.  ]
  [0.   0.   0.   0.   0.   0.   0.   0.  ]
  [0.   0.   0.   0.   0.   0.   0.   0.  ]
  [0.   0.   0.   0.   0.   0.   0.   0.  ]
  [0.   0.   0.   0.   0.   0.   0.   0.  ]
  [0.   0.   0.   0.   0.   0.   0.   0.  ]
  [0.   0.   0.   0.   0.   0.   0.   0.  ]
  [0.   0.   0.   0.   0.   0.   0.   0.  ]
  [0.   0.   0.   0.   0.   0.   0.   0.  ]
  [0.   0.   0.   0.   0.   0.   0.   0.  ]
  [0.   0.   0.   0.   0.   0.   0.   0.  ]
  [0.   0.   0.   0.   0.   0.   0.   0.  ]
  [0.   0.   0.   0.   0.   0.   0.   0.  ]
  [0.   0.   0.   0.   0.   0.   0.   0.  ]
  [0.   0.   0.   0.   0.   0.   0.   0.  ]]

 [[0.   0.   0.   0.   0.   0.   0.   0.  ]
  [0.   0.   0.   0.   0.   0.   0.   0.  ]
  [0.   0.   0.   0.   0.   0.   0.   0.  ]
  [0.   0.   0.   0.   0.   0.   0.   0.  ]
  [0.   0.   0.   0.   0.   0.   0.   0.  ]
  [0.   0.   0.   0.   0.   0.   0.   0.  ]
  [1.   0.58 0.68 2.53 6.05 1.72 4.03 0.9 ]
  [0.   0.   0.   0.   0.   0.   0.   0.  ]
  [0.   0.   0.   0.   0.   0.   0.   0.  ]
  [0.   0.   0.   0.   0.   0.   0.   0.  ]
  [0.   0.   0.   0.   0.   0.   0.   0.  ]
  [0.   0.   0.   0.   0.   0.   0.   0.  ]
  [0.   0.   0.   0.   0.   0.   0.   0.  ]
  [0.   0.   0.   0.   0.   0.   0.   0.  ]
  [0.   0.   0.   0.   0.   0.   0.   0.  ]
  [0.   0.   0.   0.   0.   0.   0.   0.  ]
  [0.   0.   0.   0.   0.   0.   0.   0.  ]
  [0.   0.   0.   0.   0.   0.   0.   0.  ]
  [0.   0.   0.   0.   0.   0.   0.   0.  ]]

 [[0.   0.   0.   0.   0.   0.   0.   0.  ]
  [0.   0.   0.   0.   0.   0.   0.   0.  ]
  [0.   0.   0.   0.   0.   0.   0.   0.  ]
  [0.   0.   0.   0.   0.   0.   0.   0.  ]
  [0.   0.   0.   0.   0.   0.   0.   0.  ]
  [0.   0.   0.   0.   0.   0.   0.   0.  ]
  [0.   0.   0.   0.   0.   0.   0.   0.  ]
  [0.   0.   0.   0.   0.   0.   0.   0.  ]
  [0.   0.   0.   0.   0.   0.   0.   0.  ]
  [0.   0.   0.   0.   0.   0.   0.   0.  ]
  [0.   0.   0.   0.   0.   0.   0.   0.  ]
  [0.   0.   0.   0.   0.   0.   0.   0.  ]
  [0.   0.   0.   0.   0.   0.   0.   0.  ]
  [0.   0.   0.   0.   0.   0.   0.   0.  ]
  [0.   0.   0.   0.   0.   0.   0.   0.  ]
  [0.   0.   0.   0.   0.   0.   0.   0.  ]
  [0.   0.   0.   0.   0.   0.   0.   0.  ]
  [0.   0.   0.   0.   0.   0.   0.   0.  ]
  [0.   0.   0.   0.   0.   0.   0.   0.  ]]

 [[0.   0.   0.   0.   0.   0.   0.   0.  ]
  [0.   0.   0.   0.   0.   0.   0.   0.  ]
  [0.   0.   0.   0.   0.   0.   0.   0.  ]
  [0.   0.   0.   0.   0.   0.   0.   0.  ]
  [0.   0.   0.   0.   0.   0.   0.   0.  ]
  [0.   0.   0.   0.   0.   0.   0.   0.  ]
  [0.   0.   0.   0.   0.   0.   0.   0.  ]
  [0.   0.   0.   0.   0.   0.   0.   0.  ]
  [0.   0.   0.   0.   0.   0.   0.   0.  ]
  [0.   0.   0.   0.   0.   0.   0.   0.  ]
  [0.   0.   0.   0.   0.   0.   0.   0.  ]
  [0.   0.   0.   0.   0.   0.   0.   0.  ]
  [0.   0.   0.   0.   0.   0.   0.   0.  ]
  [0.   0.   0.   0.   0.   0.   0.   0.  ]
  [0.   0.   0.   0.   0.   0.   0.   0.  ]
  [0.   0.   0.   0.   0.   0.   0.   0.  ]
  [0.   0.   0.   0.   0.   0.   0.   0.  ]
  [0.   0.   0.   0.   0.   0.   0.   0.  ]
  [0.   0.   0.   0.   0.   0.   0.   0.  ]]

 [[0.   0.   0.   0.   0.   0.   0.   0.  ]
  [0.   0.   0.   0.   0.   0.   0.   0.  ]
  [0.   0.   0.   0.   0.   0.   0.   0.  ]
  [0.   0.   0.   0.   0.   0.   0.   0.  ]
  [0.   0.   0.   0.   0.   0.   0.   0.  ]
  [0.   0.   0.   0.   0.   0.   0.   0.  ]
  [0.   0.   0.   0.   0.   0.   0.   0.  ]
  [0.   0.   0.   0.   0.   0.   0.   0.  ]
  [0.   0.   0.   0.   0.   0.   0.   0.  ]
  [0.   0.   0.   0.   0.   0.   0.   0.  ]
  [0.   0.   0.   0.   0.   0.   0.   0.  ]
  [0.   0.   0.   0.   0.   0.   0.   0.  ]
  [0.   0.   0.   0.   0.   0.   0.   0.  ]
  [0.   0.   0.   0.   0.   0.   0.   0.  ]
  [0.   0.   0.   0.   0.   0.   0.   0.  ]
  [0.   0.   0.   0.   0.   0.   0.   0.  ]
  [0.   0.   0.   0.   0.   0.   0.   0.  ]
  [0.   0.   0.   0.   0.   0.   0.   0.  ]
  [0.   0.   0.   0.   0.   0.   0.   0.  ]]

 [[0.   0.   0.   0.   0.   0.   0.   0.  ]
  [0.   0.   0.   0.   0.   0.   0.   0.  ]
  [0.   0.   0.   0.   0.   0.   0.   0.  ]
  [0.   0.   0.   0.   0.   0.   0.   0.  ]
  [0.   0.   0.   0.   0.   0.   0.   0.  ]
  [0.   0.   0.   0.   0.   0.   0.   0.  ]
  [0.   0.   0.   0.   0.   0.   0.   0.  ]
  [0.   0.   0.   0.   0.   0.   0.   0.  ]
  [0.   0.   0.   0.   0.   0.   0.   0.  ]
  [0.   0.   0.   0.   0.   0.   0.   0.  ]
  [0.   0.   0.   0.   0.   0.   0.   0.  ]
  [0.   0.   0.   0.   0.   0.   0.   0.  ]
  [0.   0.   0.   0.   0.   0.   0.   0.  ]
  [0.   0.   0.   0.   0.   0.   0.   0.  ]
  [0.   0.   0.   0.   0.   0.   0.   0.  ]
  [0.   0.   0.   0.   0.   0.   0.   0.  ]
  [0.   0.   0.   0.   0.   0.   0.   0.  ]
  [0.   0.   0.   0.   0.   0.   0.   0.  ]
  [0.   0.   0.   0.   0.   0.   0.   0.  ]]

 [[0.   0.   0.   0.   0.   0.   0.   0.  ]
  [0.   0.   0.   0.   0.   0.   0.   0.  ]
  [0.   0.   0.   0.   0.   0.   0.   0.  ]
  [0.   0.   0.   0.   0.   0.   0.   0.  ]
  [0.   0.   0.   0.   0.   0.   0.   0.  ]
  [0.   0.   0.   0.   0.   0.   0.   0.  ]
  [0.   0.   0.   0.   0.   0.   0.   0.  ]
  [0.   0.   0.   0.   0.   0.   0.   0.  ]
  [0.   0.   0.   0.   0.   0.   0.   0.  ]
  [0.   0.   0.   0.   0.   0.   0.   0.  ]
  [0.   0.   0.   0.   0.   0.   0.   0.  ]
  [0.   0.   0.   0.   0.   0.   0.   0.  ]
  [0.   0.   0.   0.   0.   0.   0.   0.  ]
  [0.   0.   0.   0.   0.   0.   0.   0.  ]
  [0.   0.   0.   0.   0.   0.   0.   0.  ]
  [0.   0.   0.   0.   0.   0.   0.   0.  ]
  [0.   0.   0.   0.   0.   0.   0.   0.  ]
  [0.   0.   0.   0.   0.   0.   0.   0.  ]
  [0.   0.   0.   0.   0.   0.   0.   0.  ]]

 [[0.   0.   0.   0.   0.   0.   0.   0.  ]
  [0.   0.   0.   0.   0.   0.   0.   0.  ]
  [0.   0.   0.   0.   0.   0.   0.   0.  ]
  [0.   0.   0.   0.   0.   0.   0.   0.  ]
  [0.   0.   0.   0.   0.   0.   0.   0.  ]
  [0.   0.   0.   0.   0.   0.   0.   0.  ]
  [0.   0.   0.   0.   0.   0.   0.   0.  ]
  [0.   0.   0.   0.   0.   0.   0.   0.  ]
  [0.   0.   0.   0.   0.   0.   0.   0.  ]
  [0.   0.   0.   0.   0.   0.   0.   0.  ]
  [0.   0.   0.   0.   0.   0.   0.   0.  ]
  [0.   0.   0.   0.   0.   0.   0.   0.  ]
  [0.   0.   0.   0.   0.   0.   0.   0.  ]
  [0.   0.   0.   0.   0.   0.   0.   0.  ]
  [0.   0.   0.   0.   0.   0.   0.   0.  ]
  [0.   0.   0.   0.   0.   0.   0.   0.  ]
  [0.   0.   0.   0.   0.   0.   0.   0.  ]
  [0.   0.   0.   0.   0.   0.   0.   0.  ]
  [0.   0.   0.   0.   0.   0.   0.   0.  ]]

 [[0.   0.   0.   0.   0.   0.   0.   0.  ]
  [0.   0.   0.   0.   0.   0.   0.   0.  ]
  [0.   0.   0.   0.   0.   0.   0.   0.  ]
  [0.   0.   0.   0.   0.   0.   0.   0.  ]
  [0.   0.   0.   0.   0.   0.   0.   0.  ]
  [0.   0.   0.   0.   0.   0.   0.   0.  ]
  [0.   0.   0.   0.   0.   0.   0.   0.  ]
  [0.   0.   0.   0.   0.   0.   0.   0.  ]
  [0.   0.   0.   0.   0.   0.   0.   0.  ]
  [0.   0.   0.   0.   0.   0.   0.   0.  ]
  [0.   0.   0.   0.   0.   0.   0.   0.  ]
  [0.   0.   0.   0.   0.   0.   0.   0.  ]
  [0.   0.   0.   0.   0.   0.   0.   0.  ]
  [0.   0.   0.   0.   0.   0.   0.   0.  ]
  [0.   0.   0.   0.   0.   0.   0.   0.  ]
  [0.   0.   0.   0.   0.   0.   0.   0.  ]
  [0.   0.   0.   0.   0.   0.   0.   0.  ]
  [0.   0.   0.   0.   0.   0.   0.   0.  ]
  [0.   0.   0.   0.   0.   0.   0.   0.  ]]

 [[0.   0.   0.   0.   0.   0.   0.   0.  ]
  [0.   0.   0.   0.   0.   0.   0.   0.  ]
  [0.   0.   0.   0.   0.   0.   0.   0.  ]
  [0.   0.   0.   0.   0.   0.   0.   0.  ]
  [0.   0.   0.   0.   0.   0.   0.   0.  ]
  [0.   0.   0.   0.   0.   0.   0.   0.  ]
  [0.   0.   0.   0.   0.   0.   0.   0.  ]
  [0.   0.   0.   0.   0.   0.   0.   0.  ]
  [0.   0.   0.   0.   0.   0.   0.   0.  ]
  [0.   0.   0.   0.   0.   0.   0.   0.  ]
  [0.   0.   0.   0.   0.   0.   0.   0.  ]
  [0.   0.   0.   0.   0.   0.   0.   0.  ]
  [0.   0.   0.   0.   0.   0.   0.   0.  ]
  [0.   0.   0.   0.   0.   0.   0.   0.  ]
  [0.   0.   0.   0.   0.   0.   0.   0.  ]
  [0.   0.   0.   0.   0.   0.   0.   0.  ]
  [0.   0.   0.   0.   0.   0.   0.   0.  ]
  [0.   0.   0.   0.   0.   0.   0.   0.  ]
  [0.   0.   0.   0.   0.   0.   0.   0.  ]]

 [[0.   0.   0.   0.   0.   0.   0.   0.  ]
  [0.   0.   0.   0.   0.   0.   0.   0.  ]
  [0.   0.   0.   0.   0.   0.   0.   0.  ]
  [0.   0.   0.   0.   0.   0.   0.   0.  ]
  [0.   0.   0.   0.   0.   0.   0.   0.  ]
  [0.   0.   0.   0.   0.   0.   0.   0.  ]
  [0.   0.   0.   0.   0.   0.   0.   0.  ]
  [0.   0.   0.   0.   0.   0.   0.   0.  ]
  [0.   0.   0.   0.   0.   0.   0.   0.  ]
  [0.   0.   0.   0.   0.   0.   0.   0.  ]
  [0.   0.   0.   0.   0.   0.   0.   0.  ]
  [0.   0.   0.   0.   0.   0.   0.   0.  ]
  [0.   0.   0.   0.   0.   0.   0.   0.  ]
  [0.   0.   0.   0.   0.   0.   0.   0.  ]
  [0.   0.   0.   0.   0.   0.   0.   0.  ]
  [0.   0.   0.   0.   0.   0.   0.   0.  ]
  [0.   0.   0.   0.   0.   0.   0.   0.  ]
  [0.   0.   0.   0.   0.   0.   0.   0.  ]
  [0.   0.   0.   0.   0.   0.   0.   0.  ]]

 [[0.   0.   0.   0.   0.   0.   0.   0.  ]
  [0.   0.   0.   0.   0.   0.   0.   0.  ]
  [0.   0.   0.   0.   0.   0.   0.   0.  ]
  [0.   0.   0.   0.   0.   0.   0.   0.  ]
  [0.   0.   0.   0.   0.   0.   0.   0.  ]
  [0.   0.   0.   0.   0.   0.   0.   0.  ]
  [0.   0.   0.   0.   0.   0.   0.   0.  ]
  [0.   0.   0.   0.   0.   0.   0.   0.  ]
  [0.   0.   0.   0.   0.   0.   0.   0.  ]
  [0.   0.   0.   0.   0.   0.   0.   0.  ]
  [0.   0.   0.   0.   0.   0.   0.   0.  ]
  [0.   0.   0.   0.   0.   0.   0.   0.  ]
  [0.   0.   0.   0.   0.   0.   0.   0.  ]
  [0.   0.   0.   0.   0.   0.   0.   0.  ]
  [0.   0.   0.   0.   0.   0.   0.   0.  ]
  [0.   0.   0.   0.   0.   0.   0.   0.  ]
  [0.   0.   0.   0.   0.   0.   0.   0.  ]
  [0.   0.   0.   0.   0.   0.   0.   0.  ]
  [0.   0.   0.   0.   0.   0.   0.   0.  ]]

 [[0.   0.   0.   0.   0.   0.   0.   0.  ]
  [0.   0.   0.   0.   0.   0.   0.   0.  ]
  [0.   0.   0.   0.   0.   0.   0.   0.  ]
  [0.   0.   0.   0.   0.   0.   0.   0.  ]
  [0.   0.   0.   0.   0.   0.   0.   0.  ]
  [0.   0.   0.   0.   0.   0.   0.   0.  ]
  [0.   0.   0.   0.   0.   0.   0.   0.  ]
  [0.   0.   0.   0.   0.   0.   0.   0.  ]
  [0.   0.   0.   0.   0.   0.   0.   0.  ]
  [0.   0.   0.   0.   0.   0.   0.   0.  ]
  [0.   0.   0.   0.   0.   0.   0.   0.  ]
  [0.   0.   0.   0.   0.   0.   0.   0.  ]
  [0.   0.   0.   0.   0.   0.   0.   0.  ]
  [0.   0.   0.   0.   0.   0.   0.   0.  ]
  [0.   0.   0.   0.   0.   0.   0.   0.  ]
  [0.   0.   0.   0.   0.   0.   0.   0.  ]
  [0.   0.   0.   0.   0.   0.   0.   0.  ]
  [0.   0.   0.   0.   0.   0.   0.   0.  ]
  [0.   0.   0.   0.   0.   0.   0.   0.  ]]]