[[[0.   0.   0.   0.   0.   0.   0.   0.  ]
  [0.   0.   0.   0.   0.   0.   0.   0.  ]
  [0.   0.   0.   0.   0.   0.   0.   0.  ]
  [0.   0.   0.   0.   0.   0.   0.   0.  ]
  [0.   0.   0.   0.   0.   0.   0.   0.  ]
  [0.   0.   0.   0.   0.   0.   0.   0.  ]
  [0.   0.   0.   0.   0.   0.   0.   0.  ]
  [0.   0.   0.   0.   0.   0.   0.   0.  ]
  [0.   0.   0.   0.   0.   0.   0.   0.  ]
  [0.   0.   0.   0.   0.   0.   0.   0.  ]
  [0.   0.   0.   0.   0.   0.   0.   0.  ]
  [0.   0.   0.   0.   0.   0.   0.   0.  ]
  [0.   0.   0.   0.   0.   0.   0.   0.  ]
  [0.   0.   0.   0.   0.   0.   0.   0.  ]
  [0.   0.   0.   0.   0.   0.   0.   0.  ]
  [0.   0.   0.   0.   0.   0.   0.   0.  ]
  [0.   0.   0.   0.   0.   0.   0.   0.  ]
  [0.   0.   0.   0.   0.   0.   0.   0.  ]
  [0.   0.   0.   0.   0.   0.   0.   0.  ]]

 [[0.   0.   0.   0.   0.   0.   0.   0.  ]
  [0.   0.   0.   0.   0.   0.   0.   0.  ]
  [0.   0.   0.   0.   0.   0.   0.   0.  ]
  [0.   0.   0.   0.   0.   0.   0.   0.  ]
  [0.   0.   0.   0.   0.   0.   0.   0.  ]
  [0.   0.   0.   0.   0.   0.   0.   0.  ]
  [0.   0.   0.   0.   0.   0.   0.   0.  ]
  [0.   0.   0.   0.   0.   0.   0.   0.  ]
  [0.   0.   0.   0.   0.   0.   0.   0.  ]
  [0.   0.   0.   0.   0.   0.   0.   0.  ]
  [0.   0.   0.   0.   0.   0.   0.   0.  ]
  [0.   0.   0.   0.   0.   0.   0.   0.  ]
  [0.   0.   0.   0.   0.   0.   0.   0.  ]
  [0.   0.   0.   0.   0.   0.   0.   0.  ]
  [0.   0.   0.   0.   0.   0.   0.   0.  ]
  [0.   0.   0.   0.   0.   0.   0.   0.  ]
  [0.   0.   0.   0.   0.   0.   0.   0.  ]
  [0.   0.   0.   0.   0.   0.   0.   0.  ]
  [0.   0.   0.   0.   0.   0.   0.   0.  ]]

 [[0.   0.   0.   0.   0.   0.   0.   0.  ]
  [0.   0.   0.   0.   0.   0.   0.   0.  ]
  [0.   0.   0.   0.   0.   0.   0.   0.  ]
  [0.   0.   0.   0.   0.   0.   0.   0.  ]
  [0.   0.   0.   0.   0.   0.   0.   0.  ]
  [0.   0.   0.   0.   0.   0.   0.   0.  ]
  [0.   0.   0.   0.   0.   0.   0.   0.  ]
  [0.   0.   0.   0.   0.   0.   0.   0.  ]
  [0.   0.   0.   0.   0.   0.   0.   0.  ]
  [0.   0.   0.   0.   0.   0.   0.   0.  ]
  [0.   0.   0.   0.   0.   0.   0.   0.  ]
  [0.   0.   0.   0.   0.   0.   0.   0.  ]
  [0.   0.   0.   0.   0.   0.   0.   0.  ]
  [0.   0.   0.   0.   0.   0.   0.   0.  ]
  [0.   0.   0.   0.   0.   0.   0.   0.  ]
  [0.   0.   0.   0.   0.   0.   0.   0.  ]
  [0.   0.   0.   0.   0.   0.   0.   0.  ]
  [0.   0.   0.   0.   0.   0.   0.   0.  ]
  [0.   0.   0.   0.   0.   0.   0.   0.  ]]

 [[0.   0.   0.   0.   0.   0.   0.   0.  ]
  [0.   0.   0.   0.   0.   0.   0.   0.  ]
  [0.   0.   0.   0.   0.   0.   0.   0.  ]
  [0.   0.   0.   0.   0.   0.   0.   0.  ]
  [0.   0.   0.   0.   0.   0.   0.   0.  ]
  [0.   0.   0.   0.   0.   0.   0.   0.  ]
  [0.   0.   0.   0.   0.   0.   0.   0.  ]
  [0.   0.   0.   0.   0.   0.   0.   0.  ]
  [0.   0.   0.   0.   0.   0.   0.   0.  ]
  [0.   0.   0.   0.   0.   0.   0.   0.  ]
  [0.   0.   0.   0.   0.   0.   0.   0.  ]
  [0.   0.   0.   0.   0.   0.   0.   0.  ]
  [0.   0.   0.   0.   0.   0.   0.   0.  ]
  [0.   0.   0.   0.   0.   0.   0.   0.  ]
  [0.   0.   0.   0.   0.   0.   0.   0.  ]
  [0.   0.   0.   0.   0.   0.   0.   0.  ]
  [0.   0.   0.   0.   0.   0.   0.   0.  ]
  [0.   0.   0.   0.   0.   0.   0.   0.  ]
  [0.   0.   0.   0.   0.   0.   0.   0.  ]]

 [[0.   0.   0.   0.   0.   0.   0.   0.  ]
  [0.   0.   0.   0.   0.   0.   0.   0.  ]
  [0.   0.   0.   0.   0.   0.   0.   0.  ]
  [0.   0.   0.   0.   0.   0.   0.   0.  ]
  [0.   0.   0.   0.   0.   0.   0.   0.  ]
  [0.   0.   0.   0.   0.   0.   0.   0.  ]
  [1.   0.05 0.05 1.89 5.63 1.7  4.06 0.9 ]
  [0.   0.   0.   0.   0.   0.   0.   0.  ]
  [0.   0.   0.   0.   0.   0.   0.   0.  ]
  [0.   0.   0.   0.   0.   0.   0.   0.  ]
  [0.   0.   0.   0.   0.   0.   0.   0.  ]
  [0.   0.   0.   0.   0.   0.   0.   0.  ]
  [0.   0.   0.   0.   0.   0.   0.   0.  ]
  [0.   0.   0.   0.   0.   0.   0.   0.  ]
  [0.   0.   0.   0.   0.   0.   0.   0.  ]
  [0.   0.   0.   0.   0.   0.   0.   0.  ]
  [0.   0.   0.   0.   0.   0.   0.   0.  ]
  [0.   0.   0.   0.   0.   0.   0.   0.  ]
  [0.   0.   0.   0.   0.   0.   0.   0.  ]]

 [[0.   0.   0.   0.   0.   0.   0.   0.  ]
  [0.   0.   0.   0.   0.   0.   0.   0.  ]
  [0.   0.   0.   0.   0.   0.   0.   0.  ]
  [0.   0.   0.   0.   0.   0.   0.   0.  ]
  [0.   0.   0.   0.   0.   0.   0.   0.  ]
  [0.   0.   0.   0.   0.   0.   0.   0.  ]
  [0.   0.   0.   0.   0.   0.   0.   0.  ]
  [0.   0.   0.   0.   0.   0.   0.   0.  ]
  [0.   0.   0.   0.   0.   0.   0.   0.  ]
  [0.   0.   0.   0.   0.   0.   0.   0.  ]
  [0.   0.   0.   0.   0.   0.   0.   0.  ]
  [0.   0.   0.   0.   0.   0.   0.   0.  ]
  [0.   0.   0.   0.   0.   0.   0.   0.  ]
  [0.   0.   0.   0.   0.   0.   0.   0.  ]
  [0.   0.   0.   0.   0.   0.   0.   0.  ]
  [0.   0.   0.   0.   0.   0.   0.   0.  ]
  [0.   0.   0.   0.   0.   0.   0.   0.  ]
  [0.   0.   0.   0.   0.   0.   0.   0.  ]
  [0.   0.   0.   0.   0.   0.   0.   0.  ]]

 [[0.   0.   0.   0.   0.   0.   0.   0.  ]
  [0.   0.   0.   0.   0.   0.   0.   0.  ]
  [0.   0.   0.   0.   0.   0.   0.   0.  ]
  [0.   0.   0.   0.   0.   0.   0.   0.  ]
  [0.   0.   0.   0.   0.   0.   0.   0.  ]
  [0.   0.   0.   0.   0.   0.   0.   0.  ]
  [0.   0.   0.   0.   0.   0.   0.   0.  ]
  [0.   0.   0.   0.   0.   0.   0.   0.  ]
  [0.   0.   0.   0.   0.   0.   0.   0.  ]
  [0.   0.   0.   0.   0.   0.   0.   0.  ]
  [0.   0.   0.   0.   0.   0.   0.   0.  ]
  [0.   0.   0.   0.   0.   0.   0.   0.  ]
  [0.   0.   0.   0.   0.   0.   0.   0.  ]
  [0.   0.   0.   0.   0.   0.   0.   0.  ]
  [0.   0.   0.   0.   0.   0.   0.   0.  ]
  [0.   0.   0.   0.   0.   0.   0.   0.  ]
  [0.   0.   0.   0.   0.   0.   0.   0.  ]
  [0.   0.   0.   0.   0.   0.   0.   0.  ]
  [0.   0.   0.   0.   0.   0.   0.   0.  ]]

 [[0.   0.   0.   0.   0.   0.   0.   0.  ]
  [0.   0.   0.   0.   0.   0.   0.   0.  ]
  [0.   0.   0.   0.   0.   0.   0.   0.  ]
  [0.   0.   0.   0.   0.   0.   0.   0.  ]
  [0.   0.   0.   0.   0.   0.   0.   0.  ]
  [0.   0.   0.   0.   0.   0.   0.   0.  ]
  [1.   0.95 0.74 2.53 5.95 1.7  4.06 0.9 ]
  [0.   0.   0.   0.   0.   0.   0.   0.  ]
  [0.   0.   0.   0.   0.   0.   0.   0.  ]
  [0.   0.   0.   0.   0.   0.   0.   0.  ]
  [0.   0.   0.   0.   0.   0.   0.   0.  ]
  [0.   0.   0.   0.   0.   0.   0.   0.  ]
  [0.   0.   0.   0.   0.   0.   0.   0.  ]
  [0.   0.   0.   0.   0.   0.   0.   0.  ]
  [0.   0.   0.   0.   0.   0.   0.   0.  ]
  [0.   0.   0.   0.   0.   0.   0.   0.  ]
  [0.   0.   0.   0.   0.   0.   0.   0.  ]
  [0.   0.   0.   0.   0.   0.   0.   0.  ]
  [0.   0.   0.   0.   0.   0.   0.   0.  ]]

 [[0.   0.   0.   0.   0.   0.   0.   0.  ]
  [0.   0.   0.   0.   0.   0.   0.   0.  ]
  [0.   0.   0.   0.   0.   0.   0.   0.  ]
  [0.   0.   0.   0.   0.   0.   0.   0.  ]
  [0.   0.   0.   0.   0.   0.   0.   0.  ]
  [0.   0.   0.   0.   0.   0.   0.   0.  ]
  [0.   0.   0.   0.   0.   0.   0.   0.  ]
  [0.   0.   0.   0.   0.   0.   0.   0.  ]
  [0.   0.   0.   0.   0.   0.   0.   0.  ]
  [0.   0.   0.   0.   0.   0.   0.   0.  ]
  [0.   0.   0.   0.   0.   0.   0.   0.  ]
  [0.   0.   0.   0.   0.   0.   0.   0.  ]
  [0.   0.   0.   0.   0.   0.   0.   0.  ]
  [0.   0.   0.   0.   0.   0.   0.   0.  ]
  [0.   0.   0.   0.   0.   0.   0.   0.  ]
  [0.   0.   0.   0.   0.   0.   0.   0.  ]
  [0.   0.   0.   0.   0.   0.   0.   0.  ]
  [0.   0.   0.   0.   0.   0.   0.   0.  ]
  [0.   0.   0.   0.   0.   0.   0.   0.  ]]

 [[0.   0.   0.   0.   0.   0.   0.   0.  ]
  [0.   0.   0.   0.   0.   0.   0.   0.  ]
  [0.   0.   0.   0.   0.   0.   0.   0.  ]
  [0.   0.   0.   0.   0.   0.   0.   0.  ]
  [0.   0.   0.   0.   0.   0.   0.   0.  ]
  [0.   0.   0.   0.   0.   0.   0.   0.  ]
  [0.   0.   0.   0.   0.   0.   0.   0.  ]
  [0.   0.   0.   0.   0.   0.   0.   0.  ]
  [0.   0.   0.   0.   0.   0.   0.   0.  ]
  [0.   0.   0.   0.   0.   0.   0.   0.  ]
  [0.   0.   0.   0.   0.   0.   0.   0.  ]
  [0.   0.   0.   0.   0.   0.   0.   0.  ]
  [0.   0.   0.   0.   0.   0.   0.   0.  ]
  [0.   0.   0.   0.   0.   0.   0.   0.  ]
  [0.   0.   0.   0.   0.   0.   0.   0.  ]
  [0.   0.   0.   0.   0.   0.   0.   0.  ]
  [0.   0.   0.   0.   0.   0.   0.   0.  ]
  [0.   0.   0.   0.   0.   0.   0.   0.  ]
  [0.   0.   0.   0.   0.   0.   0.   0.  ]]

 [[0.   0.   0.   0.   0.   0.   0.   0.  ]
  [0.   0.   0.   0.   0.   0.   0.   0.  ]
  [0.   0.   0.   0.   0.   0.   0.   0.  ]
  [0.   0.   0.   0.   0.   0.   0.   0.  ]
  [0.   0.   0.   0.   0.   0.   0.   0.  ]
  [0.   0.   0.   0.   0.   0.   0.   0.  ]
  [0.   0.   0.   0.   0.   0.   0.   0.  ]
  [0.   0.   0.   0.   0.   0.   0.   0.  ]
  [0.   0.   0.   0.   0.   0.   0.   0.  ]
  [0.   0.   0.   0.   0.   0.   0.   0.  ]
  [0.   0.   0.   0.   0.   0.   0.   0.  ]
  [0.   0.   0.   0.   0.   0.   0.   0.  ]
  [0.   0.   0.   0.   0.   0.   0.   0.  ]
  [0.   0.   0.   0.   0.   0.   0.   0.  ]
  [0.   0.   0.   0.   0.   0.   0.   0.  ]
  [0.   0.   0.   0.   0.   0.   0.   0.  ]
  [0.   0.   0.   0.   0.   0.   0.   0.  ]
  [0.   0.   0.   0.   0.   0.   0.   0.  ]
  [0.   0.   0.   0.   0.   0.   0.   0.  ]]

 [[0.   0.   0.   0.   0.   0.   0.   0.  ]
  [0.   0.   0.   0.   0.   0.   0.   0.  ]
  [0.   0.   0.   0.   0.   0.   0.   0.  ]
  [0.   0.   0.   0.   0.   0.   0.   0.  ]
  [0.   0.   0.   0.   0.   0.   0.   0.  ]
  [0.   0.   0.   0.   0.   0.   0.   0.  ]
  [0.   0.   0.   0.   0.   0.   0.   0.  ]
  [0.   0.   0.   0.   0.   0.   0.   0.  ]
  [0.   0.   0.   0.   0.   0.   0.   0.  ]
  [0.   0.   0.   0.   0.   0.   0.   0.  ]
  [0.   0.   0.   0.   0.   0.   0.   0.  ]
  [0.   0.   0.   0.   0.   0.   0.   0.  ]
  [0.   0.   0.   0.   0.   0.   0.   0.  ]
  [0.   0.   0.   0.   0.   0.   0.   0.  ]
  [0.   0.   0.   0.   0.   0.   0.   0.  ]
  [0.   0.   0.   0.   0.   0.   0.   0.  ]
  [0.   0.   0.   0.   0.   0.   0.   0.  ]
  [0.   0.   0.   0.   0.   0.   0.   0.  ]
  [0.   0.   0.   0.   0.   0.   0.   0.  ]]

 [[0.   0.   0.   0.   0.   0.   0.   0.  ]
  [0.   0.   0.   0.   0.   0.   0.   0.  ]
  [0.   0.   0.   0.   0.   0.   0.   0.  ]
  [0.   0.   0.   0.   0.   0.   0.   0.  ]
  [0.   0.   0.   0.   0.   0.   0.   0.  ]
  [0.   0.   0.   0.   0.   0.   0.   0.  ]
  [0.   0.   0.   0.   0.   0.   0.   0.  ]
  [0.   0.   0.   0.   0.   0.   0.   0.  ]
  [0.   0.   0.   0.   0.   0.   0.   0.  ]
  [0.   0.   0.   0.   0.   0.   0.   0.  ]
  [0.   0.   0.   0.   0.   0.   0.   0.  ]
  [0.   0.   0.   0.   0.   0.   0.   0.  ]
  [0.   0.   0.   0.   0.   0.   0.   0.  ]
  [0.   0.   0.   0.   0.   0.   0.   0.  ]
  [0.   0.   0.   0.   0.   0.   0.   0.  ]
  [0.   0.   0.   0.   0.   0.   0.   0.  ]
  [0.   0.   0.   0.   0.   0.   0.   0.  ]
  [0.   0.   0.   0.   0.   0.   0.   0.  ]
  [0.   0.   0.   0.   0.   0.   0.   0.  ]]

 [[0.   0.   0.   0.   0.   0.   0.   0.  ]
  [0.   0.   0.   0.   0.   0.   0.   0.  ]
  [0.   0.   0.   0.   0.   0.   0.   0.  ]
  [0.   0.   0.   0.   0.   0.   0.   0.  ]
  [0.   0.   0.   0.   0.   0.   0.   0.  ]
  [0.   0.   0.   0.   0.   0.   0.   0.  ]
  [0.   0.   0.   0.   0.   0.   0.   0.  ]
  [0.   0.   0.   0.   0.   0.   0.   0.  ]
  [0.   0.   0.   0.   0.   0.   0.   0.  ]
  [0.   0.   0.   0.   0.   0.   0.   0.  ]
  [0.   0.   0.   0.   0.   0.   0.   0.  ]
  [0.   0.   0.   0.   0.   0.   0.   0.  ]
  [0.   0.   0.   0.   0.   0.   0.   0.  ]
  [0.   0.   0.   0.   0.   0.   0.   0.  ]
  [0.   0.   0.   0.   0.   0.   0.   0.  ]
  [0.   0.   0.   0.   0.   0.   0.   0.  ]
  [0.   0.   0.   0.   0.   0.   0.   0.  ]
  [0.   0.   0.   0.   0.   0.   0.   0.  ]
  [0.   0.   0.   0.   0.   0.   0.   0.  ]]

 [[0.   0.   0.   0.   0.   0.   0.   0.  ]
  [0.   0.   0.   0.   0.   0.   0.   0.  ]
  [0.   0.   0.   0.   0.   0.   0.   0.  ]
  [0.   0.   0.   0.   0.   0.   0.   0.  ]
  [0.   0.   0.   0.   0.   0.   0.   0.  ]
  [0.   0.   0.   0.   0.   0.   0.   0.  ]
  [0.   0.   0.   0.   0.   0.   0.   0.  ]
  [0.   0.   0.   0.   0.   0.   0.   0.  ]
  [0.   0.   0.   0.   0.   0.   0.   0.  ]
  [0.   0.   0.   0.   0.   0.   0.   0.  ]
  [0.   0.   0.   0.   0.   0.   0.   0.  ]
  [0.   0.   0.   0.   0.   0.   0.   0.  ]
  [0.   0.   0.   0.   0.   0.   0.   0.  ]
  [0.   0.   0.   0.   0.   0.   0.   0.  ]
  [0.   0.   0.   0.   0.   0.   0.   0.  ]
  [0.   0.   0.   0.   0.   0.   0.   0.  ]
  [0.   0.   0.   0.   0.   0.   0.   0.  ]
  [0.   0.   0.   0.   0.   0.   0.   0.  ]
  [0.   0.   0.   0.   0.   0.   0.   0.  ]]

 [[0.   0.   0.   0.   0.   0.   0.   0.  ]
  [0.   0.   0.   0.   0.   0.   0.   0.  ]
  [0.   0.   0.   0.   0.   0.   0.   0.  ]
  [0.   0.   0.   0.   0.   0.   0.   0.  ]
  [0.   0.   0.   0.   0.   0.   0.   0.  ]
  [0.   0.   0.   0.   0.   0.   0.   0.  ]
  [0.   0.   0.   0.   0.   0.   0.   0.  ]
  [0.   0.   0.   0.   0.   0.   0.   0.  ]
  [0.   0.   0.   0.   0.   0.   0.   0.  ]
  [0.   0.   0.   0.   0.   0.   0.   0.  ]
  [0.   0.   0.   0.   0.   0.   0.   0.  ]
  [0.   0.   0.   0.   0.   0.   0.   0.  ]
  [0.   0.   0.   0.   0.   0.   0.   0.  ]
  [0.   0.   0.   0.   0.   0.   0.   0.  ]
  [0.   0.   0.   0.   0.   0.   0.   0.  ]
  [0.   0.   0.   0.   0.   0.   0.   0.  ]
  [0.   0.   0.   0.   0.   0.   0.   0.  ]
  [0.   0.   0.   0.   0.   0.   0.   0.  ]
  [0.   0.   0.   0.   0.   0.   0.   0.  ]]

 [[0.   0.   0.   0.   0.   0.   0.   0.  ]
  [0.   0.   0.   0.   0.   0.   0.   0.  ]
  [0.   0.   0.   0.   0.   0.   0.   0.  ]
  [0.   0.   0.   0.   0.   0.   0.   0.  ]
  [0.   0.   0.   0.   0.   0.   0.   0.  ]
  [0.   0.   0.   0.   0.   0.   0.   0.  ]
  [0.   0.   0.   0.   0.   0.   0.   0.  ]
  [0.   0.   0.   0.   0.   0.   0.   0.  ]
  [0.   0.   0.   0.   0.   0.   0.   0.  ]
  [0.   0.   0.   0.   0.   0.   0.   0.  ]
  [0.   0.   0.   0.   0.   0.   0.   0.  ]
  [0.   0.   0.   0.   0.   0.   0.   0.  ]
  [0.   0.   0.   0.   0.   0.   0.   0.  ]
  [0.   0.   0.   0.   0.   0.   0.   0.  ]
  [0.   0.   0.   0.   0.   0.   0.   0.  ]
  [0.   0.   0.   0.   0.   0.   0.   0.  ]
  [0.   0.   0.   0.   0.   0.   0.   0.  ]
  [0.   0.   0.   0.   0.   0.   0.   0.  ]
  [0.   0.   0.   0.   0.   0.   0.   0.  ]]

 [[0.   0.   0.   0.   0.   0.   0.   0.  ]
  [0.   0.   0.   0.   0.   0.   0.   0.  ]
  [0.   0.   0.   0.   0.   0.   0.   0.  ]
  [0.   0.   0.   0.   0.   0.   0.   0.  ]
  [0.   0.   0.   0.   0.   0.   0.   0.  ]
  [0.   0.   0.   0.   0.   0.   0.   0.  ]
  [0.   0.   0.   0.   0.   0.   0.   0.  ]
  [0.   0.   0.   0.   0.   0.   0.   0.  ]
  [0.   0.   0.   0.   0.   0.   0.   0.  ]
  [0.   0.   0.   0.   0.   0.   0.   0.  ]
  [0.   0.   0.   0.   0.   0.   0.   0.  ]
  [0.   0.   0.   0.   0.   0.   0.   0.  ]
  [0.   0.   0.   0.   0.   0.   0.   0.  ]
  [0.   0.   0.   0.   0.   0.   0.   0.  ]
  [0.   0.   0.   0.   0.   0.   0.   0.  ]
  [0.   0.   0.   0.   0.   0.   0.   0.  ]
  [0.   0.   0.   0.   0.   0.   0.   0.  ]
  [0.   0.   0.   0.   0.   0.   0.   0.  ]
  [0.   0.   0.   0.   0.   0.   0.   0.  ]]

 [[0.   0.   0.   0.   0.   0.   0.   0.  ]
  [0.   0.   0.   0.   0.   0.   0.   0.  ]
  [0.   0.   0.   0.   0.   0.   0.   0.  ]
  [0.   0.   0.   0.   0.   0.   0.   0.  ]
  [0.   0.   0.   0.   0.   0.   0.   0.  ]
  [0.   0.   0.   0.   0.   0.   0.   0.  ]
  [0.   0.   0.   0.   0.   0.   0.   0.  ]
  [0.   0.   0.   0.   0.   0.   0.   0.  ]
  [0.   0.   0.   0.   0.   0.   0.   0.  ]
  [0.   0.   0.   0.   0.   0.   0.   0.  ]
  [0.   0.   0.   0.   0.   0.   0.   0.  ]
  [0.   0.   0.   0.   0.   0.   0.   0.  ]
  [0.   0.   0.   0.   0.   0.   0.   0.  ]
  [0.   0.   0.   0.   0.   0.   0.   0.  ]
  [0.   0.   0.   0.   0.   0.   0.   0.  ]
  [0.   0.   0.   0.   0.   0.   0.   0.  ]
  [0.   0.   0.   0.   0.   0.   0.   0.  ]
  [0.   0.   0.   0.   0.   0.   0.   0.  ]
  [0.   0.   0.   0.   0.   0.   0.   0.  ]]]