[[[0.   0.   0.   0.   0.   0.   0.   0.  ]
  [0.   0.   0.   0.   0.   0.   0.   0.  ]
  [0.   0.   0.   0.   0.   0.   0.   0.  ]
  [0.   0.   0.   0.   0.   0.   0.   0.  ]
  [0.   0.   0.   0.   0.   0.   0.   0.  ]
  [0.   0.   0.   0.   0.   0.   0.   0.  ]
  [0.   0.   0.   0.   0.   0.   0.   0.  ]
  [0.   0.   0.   0.   0.   0.   0.   0.  ]
  [0.   0.   0.   0.   0.   0.   0.   0.  ]
  [0.   0.   0.   0.   0.   0.   0.   0.  ]
  [0.   0.   0.   0.   0.   0.   0.   0.  ]
  [0.   0.   0.   0.   0.   0.   0.   0.  ]
  [0.   0.   0.   0.   0.   0.   0.   0.  ]
  [0.   0.   0.   0.   0.   0.   0.   0.  ]
  [0.   0.   0.   0.   0.   0.   0.   0.  ]
  [0.   0.   0.   0.   0.   0.   0.   0.  ]
  [0.   0.   0.   0.   0.   0.   0.   0.  ]
  [0.   0.   0.   0.   0.   0.   0.   0.  ]
  [0.   0.   0.   0.   0.   0.   0.   0.  ]]

 [[0.   0.   0.   0.   0.   0.   0.   0.  ]
  [0.   0.   0.   0.   0.   0.   0.   0.  ]
  [0.   0.   0.   0.   0.   0.   0.   0.  ]
  [0.   0.   0.   0.   0.   0.   0.   0.  ]
  [0.   0.   0.   0.   0.   0.   0.   0.  ]
  [0.   0.   0.   0.   0.   0.   0.   0.  ]
  [0.   0.   0.   0.   0.   0.   0.   0.  ]
  [0.   0.   0.   0.   0.   0.   0.   0.  ]
  [0.   0.   0.   0.   0.   0.   0.   0.  ]
  [0.   0.   0.   0.   0.   0.   0.   0.  ]
  [0.   0.   0.   0.   0.   0.   0.   0.  ]
  [0.   0.   0.   0.   0.   0.   0.   0.  ]
  [0.   0.   0.   0.   0.   0.   0.   0.  ]
  [0.   0.   0.   0.   0.   0.   0.   0.  ]
  [0.   0.   0.   0.   0.   0.   0.   0.  ]
  [0.   0.   0.   0.   0.   0.   0.   0.  ]
  [0.   0.   0.   0.   0.   0.   0.   0.  ]
  [0.   0.   0.   0.   0.   0.   0.   0.  ]
  [0.   0.   0.   0.   0.   0.   0.   0.  ]]

 [[0.   0.   0.   0.   0.   0.   0.   0.  ]
  [0.   0.   0.   0.   0.   0.   0.   0.  ]
  [0.   0.   0.   0.   0.   0.   0.   0.  ]
  [0.   0.   0.   0.   0.   0.   0.   0.  ]
  [0.   0.   0.   0.   0.   0.   0.   0.  ]
  [0.   0.   0.   0.   0.   0.   0.   0.  ]
  [0.   0.   0.   0.   0.   0.   0.   0.  ]
  [0.   0.   0.   0.   0.   0.   0.   0.  ]
  [0.   0.   0.   0.   0.   0.   0.   0.  ]
  [0.   0.   0.   0.   0.   0.   0.   0.  ]
  [0.   0.   0.   0.   0.   0.   0.   0.  ]
  [0.   0.   0.   0.   0.   0.   0.   0.  ]
  [0.   0.   0.   0.   0.   0.   0.   0.  ]
  [0.   0.   0.   0.   0.   0.   0.   0.  ]
  [0.   0.   0.   0.   0.   0.   0.   0.  ]
  [0.   0.   0.   0.   0.   0.   0.   0.  ]
  [0.   0.   0.   0.   0.   0.   0.   0.  ]
  [0.   0.   0.   0.   0.   0.   0.   0.  ]
  [0.   0.   0.   0.   0.   0.   0.   0.  ]]

 [[0.   0.   0.   0.   0.   0.   0.   0.  ]
  [0.   0.   0.   0.   0.   0.   0.   0.  ]
  [0.   0.   0.   0.   0.   0.   0.   0.  ]
  [0.   0.   0.   0.   0.   0.   0.   0.  ]
  [0.   0.   0.   0.   0.   0.   0.   0.  ]
  [0.   0.   0.   0.   0.   0.   0.   0.  ]
  [0.   0.   0.   0.   0.   0.   0.   0.  ]
  [0.   0.   0.   0.   0.   0.   0.   0.  ]
  [0.   0.   0.   0.   0.   0.   0.   0.  ]
  [0.   0.   0.   0.   0.   0.   0.   0.  ]
  [0.   0.   0.   0.   0.   0.   0.   0.  ]
  [0.   0.   0.   0.   0.   0.   0.   0.  ]
  [0.   0.   0.   0.   0.   0.   0.   0.  ]
  [0.   0.   0.   0.   0.   0.   0.   0.  ]
  [0.   0.   0.   0.   0.   0.   0.   0.  ]
  [0.   0.   0.   0.   0.   0.   0.   0.  ]
  [0.   0.   0.   0.   0.   0.   0.   0.  ]
  [0.   0.   0.   0.   0.   0.   0.   0.  ]
  [0.   0.   0.   0.   0.   0.   0.   0.  ]]

 [[0.   0.   0.   0.   0.   0.   0.   0.  ]
  [0.   0.   0.   0.   0.   0.   0.   0.  ]
  [0.   0.   0.   0.   0.   0.   0.   0.  ]
  [0.   0.   0.   0.   0.   0.   0.   0.  ]
  [0.   0.   0.   0.   0.   0.   0.   0.  ]
  [1.   0.   0.79 1.68 6.11 1.58 4.2  0.9 ]
  [0.   0.   0.   0.   0.   0.   0.   0.  ]
  [0.   0.   0.   0.   0.   0.   0.   0.  ]
  [0.   0.   0.   0.   0.   0.   0.   0.  ]
  [0.   0.   0.   0.   0.   0.   0.   0.  ]
  [0.   0.   0.   0.   0.   0.   0.   0.  ]
  [0.   0.   0.   0.   0.   0.   0.   0.  ]
  [0.   0.   0.   0.   0.   0.   0.   0.  ]
  [0.   0.   0.   0.   0.   0.   0.   0.  ]
  [0.   0.   0.   0.   0.   0.   0.   0.  ]
  [0.   0.   0.   0.   0.   0.   0.   0.  ]
  [0.   0.   0.   0.   0.   0.   0.   0.  ]
  [0.   0.   0.   0.   0.   0.   0.   0.  ]
  [0.   0.   0.   0.   0.   0.   0.   0.  ]]

 [[0.   0.   0.   0.   0.   0.   0.   0.  ]
  [0.   0.   0.   0.   0.   0.   0.   0.  ]
  [0.   0.   0.   0.   0.   0.   0.   0.  ]
  [0.   0.   0.   0.   0.   0.   0.   0.  ]
  [0.   0.   0.   0.   0.   0.   0.   0.  ]
  [0.   0.   0.   0.   0.   0.   0.   0.  ]
  [0.   0.   0.   0.   0.   0.   0.   0.  ]
  [0.   0.   0.   0.   0.   0.   0.   0.  ]
  [0.   0.   0.   0.   0.   0.   0.   0.  ]
  [0.   0.   0.   0.   0.   0.   0.   0.  ]
  [0.   0.   0.   0.   0.   0.   0.   0.  ]
  [0.   0.   0.   0.   0.   0.   0.   0.  ]
  [0.   0.   0.   0.   0.   0.   0.   0.  ]
  [0.   0.   0.   0.   0.   0.   0.   0.  ]
  [0.   0.   0.   0.   0.   0.   0.   0.  ]
  [0.   0.   0.   0.   0.   0.   0.   0.  ]
  [0.   0.   0.   0.   0.   0.   0.   0.  ]
  [0.   0.   0.   0.   0.   0.   0.   0.  ]
  [0.   0.   0.   0.   0.   0.   0.   0.  ]]

 [[0.   0.   0.   0.   0.   0.   0.   0.  ]
  [0.   0.   0.   0.   0.   0.   0.   0.  ]
  [0.   0.   0.   0.   0.   0.   0.   0.  ]
  [0.   0.   0.   0.   0.   0.   0.   0.  ]
  [0.   0.   0.   0.   0.   0.   0.   0.  ]
  [0.   0.   0.   0.   0.   0.   0.   0.  ]
  [0.   0.   0.   0.   0.   0.   0.   0.  ]
  [0.   0.   0.   0.   0.   0.   0.   0.  ]
  [0.   0.   0.   0.   0.   0.   0.   0.  ]
  [0.   0.   0.   0.   0.   0.   0.   0.  ]
  [0.   0.   0.   0.   0.   0.   0.   0.  ]
  [0.   0.   0.   0.   0.   0.   0.   0.  ]
  [0.   0.   0.   0.   0.   0.   0.   0.  ]
  [0.   0.   0.   0.   0.   0.   0.   0.  ]
  [0.   0.   0.   0.   0.   0.   0.   0.  ]
  [0.   0.   0.   0.   0.   0.   0.   0.  ]
  [0.   0.   0.   0.   0.   0.   0.   0.  ]
  [0.   0.   0.   0.   0.   0.   0.   0.  ]
  [0.   0.   0.   0.   0.   0.   0.   0.  ]]

 [[0.   0.   0.   0.   0.   0.   0.   0.  ]
  [0.   0.   0.   0.   0.   0.   0.   0.  ]
  [0.   0.   0.   0.   0.   0.   0.   0.  ]
  [0.   0.   0.   0.   0.   0.   0.   0.  ]
  [0.   0.   0.   0.   0.   0.   0.   0.  ]
  [0.   0.   0.   0.   0.   0.   0.   0.  ]
  [0.   0.   0.   0.   0.   0.   0.   0.  ]
  [0.   0.   0.   0.   0.   0.   0.   0.  ]
  [0.   0.   0.   0.   0.   0.   0.   0.  ]
  [0.   0.   0.   0.   0.   0.   0.   0.  ]
  [0.   0.   0.   0.   0.   0.   0.   0.  ]
  [0.   0.   0.   0.   0.   0.   0.   0.  ]
  [0.   0.   0.   0.   0.   0.   0.   0.  ]
  [0.   0.   0.   0.   0.   0.   0.   0.  ]
  [0.   0.   0.   0.   0.   0.   0.   0.  ]
  [0.   0.   0.   0.   0.   0.   0.   0.  ]
  [0.   0.   0.   0.   0.   0.   0.   0.  ]
  [0.   0.   0.   0.   0.   0.   0.   0.  ]
  [0.   0.   0.   0.   0.   0.   0.   0.  ]]

 [[0.   0.   0.   0.   0.   0.   0.   0.  ]
  [0.   0.   0.   0.   0.   0.   0.   0.  ]
  [0.   0.   0.   0.   0.   0.   0.   0.  ]
  [0.   0.   0.   0.   0.   0.   0.   0.  ]
  [0.   0.   0.   0.   0.   0.   0.   0.  ]
  [0.   0.   0.   0.   0.   0.   0.   0.  ]
  [1.   0.11 0.63 2.79 6.37 1.58 4.2  0.9 ]
  [0.   0.   0.   0.   0.   0.   0.   0.  ]
  [0.   0.   0.   0.   0.   0.   0.   0.  ]
  [0.   0.   0.   0.   0.   0.   0.   0.  ]
  [0.   0.   0.   0.   0.   0.   0.   0.  ]
  [0.   0.   0.   0.   0.   0.   0.   0.  ]
  [0.   0.   0.   0.   0.   0.   0.   0.  ]
  [0.   0.   0.   0.   0.   0.   0.   0.  ]
  [0.   0.   0.   0.   0.   0.   0.   0.  ]
  [0.   0.   0.   0.   0.   0.   0.   0.  ]
  [0.   0.   0.   0.   0.   0.   0.   0.  ]
  [0.   0.   0.   0.   0.   0.   0.   0.  ]
  [0.   0.   0.   0.   0.   0.   0.   0.  ]]

 [[0.   0.   0.   0.   0.   0.   0.   0.  ]
  [0.   0.   0.   0.   0.   0.   0.   0.  ]
  [0.   0.   0.   0.   0.   0.   0.   0.  ]
  [0.   0.   0.   0.   0.   0.   0.   0.  ]
  [0.   0.   0.   0.   0.   0.   0.   0.  ]
  [0.   0.   0.   0.   0.   0.   0.   0.  ]
  [0.   0.   0.   0.   0.   0.   0.   0.  ]
  [0.   0.   0.   0.   0.   0.   0.   0.  ]
  [0.   0.   0.   0.   0.   0.   0.   0.  ]
  [0.   0.   0.   0.   0.   0.   0.   0.  ]
  [0.   0.   0.   0.   0.   0.   0.   0.  ]
  [0.   0.   0.   0.   0.   0.   0.   0.  ]
  [0.   0.   0.   0.   0.   0.   0.   0.  ]
  [0.   0.   0.   0.   0.   0.   0.   0.  ]
  [0.   0.   0.   0.   0.   0.   0.   0.  ]
  [0.   0.   0.   0.   0.   0.   0.   0.  ]
  [0.   0.   0.   0.   0.   0.   0.   0.  ]
  [0.   0.   0.   0.   0.   0.   0.   0.  ]
  [0.   0.   0.   0.   0.   0.   0.   0.  ]]

 [[0.   0.   0.   0.   0.   0.   0.   0.  ]
  [0.   0.   0.   0.   0.   0.   0.   0.  ]
  [0.   0.   0.   0.   0.   0.   0.   0.  ]
  [0.   0.   0.   0.   0.   0.   0.   0.  ]
  [0.   0.   0.   0.   0.   0.   0.   0.  ]
  [0.   0.   0.   0.   0.   0.   0.   0.  ]
  [0.   0.   0.   0.   0.   0.   0.   0.  ]
  [0.   0.   0.   0.   0.   0.   0.   0.  ]
  [0.   0.   0.   0.   0.   0.   0.   0.  ]
  [0.   0.   0.   0.   0.   0.   0.   0.  ]
  [0.   0.   0.   0.   0.   0.   0.   0.  ]
  [0.   0.   0.   0.   0.   0.   0.   0.  ]
  [0.   0.   0.   0.   0.   0.   0.   0.  ]
  [0.   0.   0.   0.   0.   0.   0.   0.  ]
  [0.   0.   0.   0.   0.   0.   0.   0.  ]
  [0.   0.   0.   0.   0.   0.   0.   0.  ]
  [0.   0.   0.   0.   0.   0.   0.   0.  ]
  [0.   0.   0.   0.   0.   0.   0.   0.  ]
  [0.   0.   0.   0.   0.   0.   0.   0.  ]]

 [[0.   0.   0.   0.   0.   0.   0.   0.  ]
  [0.   0.   0.   0.   0.   0.   0.   0.  ]
  [0.   0.   0.   0.   0.   0.   0.   0.  ]
  [0.   0.   0.   0.   0.   0.   0.   0.  ]
  [0.   0.   0.   0.   0.   0.   0.   0.  ]
  [0.   0.   0.   0.   0.   0.   0.   0.  ]
  [0.   0.   0.   0.   0.   0.   0.   0.  ]
  [0.   0.   0.   0.   0.   0.   0.   0.  ]
  [0.   0.   0.   0.   0.   0.   0.   0.  ]
  [0.   0.   0.   0.   0.   0.   0.   0.  ]
  [0.   0.   0.   0.   0.   0.   0.   0.  ]
  [0.   0.   0.   0.   0.   0.   0.   0.  ]
  [0.   0.   0.   0.   0.   0.   0.   0.  ]
  [0.   0.   0.   0.   0.   0.   0.   0.  ]
  [0.   0.   0.   0.   0.   0.   0.   0.  ]
  [0.   0.   0.   0.   0.   0.   0.   0.  ]
  [0.   0.   0.   0.   0.   0.   0.   0.  ]
  [0.   0.   0.   0.   0.   0.   0.   0.  ]
  [0.   0.   0.   0.   0.   0.   0.   0.  ]]

 [[0.   0.   0.   0.   0.   0.   0.   0.  ]
  [0.   0.   0.   0.   0.   0.   0.   0.  ]
  [0.   0.   0.   0.   0.   0.   0.   0.  ]
  [0.   0.   0.   0.   0.   0.   0.   0.  ]
  [0.   0.   0.   0.   0.   0.   0.   0.  ]
  [0.   0.   0.   0.   0.   0.   0.   0.  ]
  [0.   0.   0.   0.   0.   0.   0.   0.  ]
  [0.   0.   0.   0.   0.   0.   0.   0.  ]
  [0.   0.   0.   0.   0.   0.   0.   0.  ]
  [0.   0.   0.   0.   0.   0.   0.   0.  ]
  [0.   0.   0.   0.   0.   0.   0.   0.  ]
  [0.   0.   0.   0.   0.   0.   0.   0.  ]
  [0.   0.   0.   0.   0.   0.   0.   0.  ]
  [0.   0.   0.   0.   0.   0.   0.   0.  ]
  [0.   0.   0.   0.   0.   0.   0.   0.  ]
  [0.   0.   0.   0.   0.   0.   0.   0.  ]
  [0.   0.   0.   0.   0.   0.   0.   0.  ]
  [0.   0.   0.   0.   0.   0.   0.   0.  ]
  [0.   0.   0.   0.   0.   0.   0.   0.  ]]

 [[0.   0.   0.   0.   0.   0.   0.   0.  ]
  [0.   0.   0.   0.   0.   0.   0.   0.  ]
  [0.   0.   0.   0.   0.   0.   0.   0.  ]
  [0.   0.   0.   0.   0.   0.   0.   0.  ]
  [0.   0.   0.   0.   0.   0.   0.   0.  ]
  [0.   0.   0.   0.   0.   0.   0.   0.  ]
  [0.   0.   0.   0.   0.   0.   0.   0.  ]
  [0.   0.   0.   0.   0.   0.   0.   0.  ]
  [0.   0.   0.   0.   0.   0.   0.   0.  ]
  [0.   0.   0.   0.   0.   0.   0.   0.  ]
  [0.   0.   0.   0.   0.   0.   0.   0.  ]
  [0.   0.   0.   0.   0.   0.   0.   0.  ]
  [0.   0.   0.   0.   0.   0.   0.   0.  ]
  [0.   0.   0.   0.   0.   0.   0.   0.  ]
  [0.   0.   0.   0.   0.   0.   0.   0.  ]
  [0.   0.   0.   0.   0.   0.   0.   0.  ]
  [0.   0.   0.   0.   0.   0.   0.   0.  ]
  [0.   0.   0.   0.   0.   0.   0.   0.  ]
  [0.   0.   0.   0.   0.   0.   0.   0.  ]]

 [[0.   0.   0.   0.   0.   0.   0.   0.  ]
  [0.   0.   0.   0.   0.   0.   0.   0.  ]
  [0.   0.   0.   0.   0.   0.   0.   0.  ]
  [0.   0.   0.   0.   0.   0.   0.   0.  ]
  [0.   0.   0.   0.   0.   0.   0.   0.  ]
  [0.   0.   0.   0.   0.   0.   0.   0.  ]
  [0.   0.   0.   0.   0.   0.   0.   0.  ]
  [0.   0.   0.   0.   0.   0.   0.   0.  ]
  [0.   0.   0.   0.   0.   0.   0.   0.  ]
  [0.   0.   0.   0.   0.   0.   0.   0.  ]
  [0.   0.   0.   0.   0.   0.   0.   0.  ]
  [0.   0.   0.   0.   0.   0.   0.   0.  ]
  [0.   0.   0.   0.   0.   0.   0.   0.  ]
  [0.   0.   0.   0.   0.   0.   0.   0.  ]
  [0.   0.   0.   0.   0.   0.   0.   0.  ]
  [0.   0.   0.   0.   0.   0.   0.   0.  ]
  [0.   0.   0.   0.   0.   0.   0.   0.  ]
  [0.   0.   0.   0.   0.   0.   0.   0.  ]
  [0.   0.   0.   0.   0.   0.   0.   0.  ]]

 [[0.   0.   0.   0.   0.   0.   0.   0.  ]
  [0.   0.   0.   0.   0.   0.   0.   0.  ]
  [0.   0.   0.   0.   0.   0.   0.   0.  ]
  [0.   0.   0.   0.   0.   0.   0.   0.  ]
  [0.   0.   0.   0.   0.   0.   0.   0.  ]
  [0.   0.   0.   0.   0.   0.   0.   0.  ]
  [0.   0.   0.   0.   0.   0.   0.   0.  ]
  [0.   0.   0.   0.   0.   0.   0.   0.  ]
  [0.   0.   0.   0.   0.   0.   0.   0.  ]
  [0.   0.   0.   0.   0.   0.   0.   0.  ]
  [0.   0.   0.   0.   0.   0.   0.   0.  ]
  [0.   0.   0.   0.   0.   0.   0.   0.  ]
  [0.   0.   0.   0.   0.   0.   0.   0.  ]
  [0.   0.   0.   0.   0.   0.   0.   0.  ]
  [0.   0.   0.   0.   0.   0.   0.   0.  ]
  [0.   0.   0.   0.   0.   0.   0.   0.  ]
  [0.   0.   0.   0.   0.   0.   0.   0.  ]
  [0.   0.   0.   0.   0.   0.   0.   0.  ]
  [0.   0.   0.   0.   0.   0.   0.   0.  ]]

 [[0.   0.   0.   0.   0.   0.   0.   0.  ]
  [0.   0.   0.   0.   0.   0.   0.   0.  ]
  [0.   0.   0.   0.   0.   0.   0.   0.  ]
  [0.   0.   0.   0.   0.   0.   0.   0.  ]
  [0.   0.   0.   0.   0.   0.   0.   0.  ]
  [0.   0.   0.   0.   0.   0.   0.   0.  ]
  [0.   0.   0.   0.   0.   0.   0.   0.  ]
  [0.   0.   0.   0.   0.   0.   0.   0.  ]
  [0.   0.   0.   0.   0.   0.   0.   0.  ]
  [0.   0.   0.   0.   0.   0.   0.   0.  ]
  [0.   0.   0.   0.   0.   0.   0.   0.  ]
  [0.   0.   0.   0.   0.   0.   0.   0.  ]
  [0.   0.   0.   0.   0.   0.   0.   0.  ]
  [0.   0.   0.   0.   0.   0.   0.   0.  ]
  [0.   0.   0.   0.   0.   0.   0.   0.  ]
  [0.   0.   0.   0.   0.   0.   0.   0.  ]
  [0.   0.   0.   0.   0.   0.   0.   0.  ]
  [0.   0.   0.   0.   0.   0.   0.   0.  ]
  [0.   0.   0.   0.   0.   0.   0.   0.  ]]

 [[0.   0.   0.   0.   0.   0.   0.   0.  ]
  [0.   0.   0.   0.   0.   0.   0.   0.  ]
  [0.   0.   0.   0.   0.   0.   0.   0.  ]
  [0.   0.   0.   0.   0.   0.   0.   0.  ]
  [0.   0.   0.   0.   0.   0.   0.   0.  ]
  [0.   0.   0.   0.   0.   0.   0.   0.  ]
  [0.   0.   0.   0.   0.   0.   0.   0.  ]
  [0.   0.   0.   0.   0.   0.   0.   0.  ]
  [0.   0.   0.   0.   0.   0.   0.   0.  ]
  [0.   0.   0.   0.   0.   0.   0.   0.  ]
  [0.   0.   0.   0.   0.   0.   0.   0.  ]
  [0.   0.   0.   0.   0.   0.   0.   0.  ]
  [0.   0.   0.   0.   0.   0.   0.   0.  ]
  [0.   0.   0.   0.   0.   0.   0.   0.  ]
  [0.   0.   0.   0.   0.   0.   0.   0.  ]
  [0.   0.   0.   0.   0.   0.   0.   0.  ]
  [0.   0.   0.   0.   0.   0.   0.   0.  ]
  [0.   0.   0.   0.   0.   0.   0.   0.  ]
  [0.   0.   0.   0.   0.   0.   0.   0.  ]]

 [[0.   0.   0.   0.   0.   0.   0.   0.  ]
  [0.   0.   0.   0.   0.   0.   0.   0.  ]
  [0.   0.   0.   0.   0.   0.   0.   0.  ]
  [0.   0.   0.   0.   0.   0.   0.   0.  ]
  [0.   0.   0.   0.   0.   0.   0.   0.  ]
  [0.   0.   0.   0.   0.   0.   0.   0.  ]
  [0.   0.   0.   0.   0.   0.   0.   0.  ]
  [0.   0.   0.   0.   0.   0.   0.   0.  ]
  [0.   0.   0.   0.   0.   0.   0.   0.  ]
  [0.   0.   0.   0.   0.   0.   0.   0.  ]
  [0.   0.   0.   0.   0.   0.   0.   0.  ]
  [0.   0.   0.   0.   0.   0.   0.   0.  ]
  [0.   0.   0.   0.   0.   0.   0.   0.  ]
  [0.   0.   0.   0.   0.   0.   0.   0.  ]
  [0.   0.   0.   0.   0.   0.   0.   0.  ]
  [0.   0.   0.   0.   0.   0.   0.   0.  ]
  [0.   0.   0.   0.   0.   0.   0.   0.  ]
  [0.   0.   0.   0.   0.   0.   0.   0.  ]
  [0.   0.   0.   0.   0.   0.   0.   0.  ]]]