[[[0.   0.   0.   0.   0.   0.   0.   0.  ]
  [0.   0.   0.   0.   0.   0.   0.   0.  ]
  [0.   0.   0.   0.   0.   0.   0.   0.  ]
  [0.   0.   0.   0.   0.   0.   0.   0.  ]
  [0.   0.   0.   0.   0.   0.   0.   0.  ]
  [0.   0.   0.   0.   0.   0.   0.   0.  ]
  [0.   0.   0.   0.   0.   0.   0.   0.  ]
  [0.   0.   0.   0.   0.   0.   0.   0.  ]
  [0.   0.   0.   0.   0.   0.   0.   0.  ]
  [0.   0.   0.   0.   0.   0.   0.   0.  ]
  [0.   0.   0.   0.   0.   0.   0.   0.  ]
  [0.   0.   0.   0.   0.   0.   0.   0.  ]
  [0.   0.   0.   0.   0.   0.   0.   0.  ]
  [0.   0.   0.   0.   0.   0.   0.   0.  ]
  [0.   0.   0.   0.   0.   0.   0.   0.  ]
  [0.   0.   0.   0.   0.   0.   0.   0.  ]
  [0.   0.   0.   0.   0.   0.   0.   0.  ]
  [0.   0.   0.   0.   0.   0.   0.   0.  ]
  [0.   0.   0.   0.   0.   0.   0.   0.  ]]

 [[0.   0.   0.   0.   0.   0.   0.   0.  ]
  [0.   0.   0.   0.   0.   0.   0.   0.  ]
  [0.   0.   0.   0.   0.   0.   0.   0.  ]
  [0.   0.   0.   0.   0.   0.   0.   0.  ]
  [0.   0.   0.   0.   0.   0.   0.   0.  ]
  [0.   0.   0.   0.   0.   0.   0.   0.  ]
  [0.   0.   0.   0.   0.   0.   0.   0.  ]
  [0.   0.   0.   0.   0.   0.   0.   0.  ]
  [0.   0.   0.   0.   0.   0.   0.   0.  ]
  [0.   0.   0.   0.   0.   0.   0.   0.  ]
  [0.   0.   0.   0.   0.   0.   0.   0.  ]
  [0.   0.   0.   0.   0.   0.   0.   0.  ]
  [0.   0.   0.   0.   0.   0.   0.   0.  ]
  [0.   0.   0.   0.   0.   0.   0.   0.  ]
  [0.   0.   0.   0.   0.   0.   0.   0.  ]
  [0.   0.   0.   0.   0.   0.   0.   0.  ]
  [0.   0.   0.   0.   0.   0.   0.   0.  ]
  [0.   0.   0.   0.   0.   0.   0.   0.  ]
  [0.   0.   0.   0.   0.   0.   0.   0.  ]]

 [[0.   0.   0.   0.   0.   0.   0.   0.  ]
  [0.   0.   0.   0.   0.   0.   0.   0.  ]
  [0.   0.   0.   0.   0.   0.   0.   0.  ]
  [0.   0.   0.   0.   0.   0.   0.   0.  ]
  [0.   0.   0.   0.   0.   0.   0.   0.  ]
  [0.   0.   0.   0.   0.   0.   0.   0.  ]
  [0.   0.   0.   0.   0.   0.   0.   0.  ]
  [0.   0.   0.   0.   0.   0.   0.   0.  ]
  [0.   0.   0.   0.   0.   0.   0.   0.  ]
  [0.   0.   0.   0.   0.   0.   0.   0.  ]
  [0.   0.   0.   0.   0.   0.   0.   0.  ]
  [0.   0.   0.   0.   0.   0.   0.   0.  ]
  [0.   0.   0.   0.   0.   0.   0.   0.  ]
  [0.   0.   0.   0.   0.   0.   0.   0.  ]
  [0.   0.   0.   0.   0.   0.   0.   0.  ]
  [0.   0.   0.   0.   0.   0.   0.   0.  ]
  [0.   0.   0.   0.   0.   0.   0.   0.  ]
  [0.   0.   0.   0.   0.   0.   0.   0.  ]
  [0.   0.   0.   0.   0.   0.   0.   0.  ]]

 [[0.   0.   0.   0.   0.   0.   0.   0.  ]
  [0.   0.   0.   0.   0.   0.   0.   0.  ]
  [0.   0.   0.   0.   0.   0.   0.   0.  ]
  [0.   0.   0.   0.   0.   0.   0.   0.  ]
  [0.   0.   0.   0.   0.   0.   0.   0.  ]
  [1.   0.42 0.53 1.95 6.74 1.52 4.27 0.95]
  [0.   0.   0.   0.   0.   0.   0.   0.  ]
  [0.   0.   0.   0.   0.   0.   0.   0.  ]
  [0.   0.   0.   0.   0.   0.   0.   0.  ]
  [0.   0.   0.   0.   0.   0.   0.   0.  ]
  [0.   0.   0.   0.   0.   0.   0.   0.  ]
  [0.   0.   0.   0.   0.   0.   0.   0.  ]
  [0.   0.   0.   0.   0.   0.   0.   0.  ]
  [0.   0.   0.   0.   0.   0.   0.   0.  ]
  [0.   0.   0.   0.   0.   0.   0.   0.  ]
  [0.   0.   0.   0.   0.   0.   0.   0.  ]
  [0.   0.   0.   0.   0.   0.   0.   0.  ]
  [0.   0.   0.   0.   0.   0.   0.   0.  ]
  [0.   0.   0.   0.   0.   0.   0.   0.  ]]

 [[0.   0.   0.   0.   0.   0.   0.   0.  ]
  [0.   0.   0.   0.   0.   0.   0.   0.  ]
  [0.   0.   0.   0.   0.   0.   0.   0.  ]
  [0.   0.   0.   0.   0.   0.   0.   0.  ]
  [0.   0.   0.   0.   0.   0.   0.   0.  ]
  [0.   0.   0.   0.   0.   0.   0.   0.  ]
  [0.   0.   0.   0.   0.   0.   0.   0.  ]
  [0.   0.   0.   0.   0.   0.   0.   0.  ]
  [0.   0.   0.   0.   0.   0.   0.   0.  ]
  [0.   0.   0.   0.   0.   0.   0.   0.  ]
  [0.   0.   0.   0.   0.   0.   0.   0.  ]
  [0.   0.   0.   0.   0.   0.   0.   0.  ]
  [0.   0.   0.   0.   0.   0.   0.   0.  ]
  [0.   0.   0.   0.   0.   0.   0.   0.  ]
  [0.   0.   0.   0.   0.   0.   0.   0.  ]
  [0.   0.   0.   0.   0.   0.   0.   0.  ]
  [0.   0.   0.   0.   0.   0.   0.   0.  ]
  [0.   0.   0.   0.   0.   0.   0.   0.  ]
  [0.   0.   0.   0.   0.   0.   0.   0.  ]]

 [[0.   0.   0.   0.   0.   0.   0.   0.  ]
  [0.   0.   0.   0.   0.   0.   0.   0.  ]
  [0.   0.   0.   0.   0.   0.   0.   0.  ]
  [0.   0.   0.   0.   0.   0.   0.   0.  ]
  [0.   0.   0.   0.   0.   0.   0.   0.  ]
  [0.   0.   0.   0.   0.   0.   0.   0.  ]
  [0.   0.   0.   0.   0.   0.   0.   0.  ]
  [0.   0.   0.   0.   0.   0.   0.   0.  ]
  [0.   0.   0.   0.   0.   0.   0.   0.  ]
  [0.   0.   0.   0.   0.   0.   0.   0.  ]
  [0.   0.   0.   0.   0.   0.   0.   0.  ]
  [0.   0.   0.   0.   0.   0.   0.   0.  ]
  [0.   0.   0.   0.   0.   0.   0.   0.  ]
  [0.   0.   0.   0.   0.   0.   0.   0.  ]
  [0.   0.   0.   0.   0.   0.   0.   0.  ]
  [0.   0.   0.   0.   0.   0.   0.   0.  ]
  [0.   0.   0.   0.   0.   0.   0.   0.  ]
  [0.   0.   0.   0.   0.   0.   0.   0.  ]
  [0.   0.   0.   0.   0.   0.   0.   0.  ]]

 [[0.   0.   0.   0.   0.   0.   0.   0.  ]
  [0.   0.   0.   0.   0.   0.   0.   0.  ]
  [0.   0.   0.   0.   0.   0.   0.   0.  ]
  [0.   0.   0.   0.   0.   0.   0.   0.  ]
  [0.   0.   0.   0.   0.   0.   0.   0.  ]
  [0.   0.   0.   0.   0.   0.   0.   0.  ]
  [0.   0.   0.   0.   0.   0.   0.   0.  ]
  [0.   0.   0.   0.   0.   0.   0.   0.  ]
  [0.   0.   0.   0.   0.   0.   0.   0.  ]
  [0.   0.   0.   0.   0.   0.   0.   0.  ]
  [0.   0.   0.   0.   0.   0.   0.   0.  ]
  [0.   0.   0.   0.   0.   0.   0.   0.  ]
  [0.   0.   0.   0.   0.   0.   0.   0.  ]
  [0.   0.   0.   0.   0.   0.   0.   0.  ]
  [0.   0.   0.   0.   0.   0.   0.   0.  ]
  [0.   0.   0.   0.   0.   0.   0.   0.  ]
  [0.   0.   0.   0.   0.   0.   0.   0.  ]
  [0.   0.   0.   0.   0.   0.   0.   0.  ]
  [0.   0.   0.   0.   0.   0.   0.   0.  ]]

 [[0.   0.   0.   0.   0.   0.   0.   0.  ]
  [0.   0.   0.   0.   0.   0.   0.   0.  ]
  [0.   0.   0.   0.   0.   0.   0.   0.  ]
  [0.   0.   0.   0.   0.   0.   0.   0.  ]
  [0.   0.   0.   0.   0.   0.   0.   0.  ]
  [0.   0.   0.   0.   0.   0.   0.   0.  ]
  [0.   0.   0.   0.   0.   0.   0.   0.  ]
  [0.   0.   0.   0.   0.   0.   0.   0.  ]
  [0.   0.   0.   0.   0.   0.   0.   0.  ]
  [0.   0.   0.   0.   0.   0.   0.   0.  ]
  [0.   0.   0.   0.   0.   0.   0.   0.  ]
  [0.   0.   0.   0.   0.   0.   0.   0.  ]
  [0.   0.   0.   0.   0.   0.   0.   0.  ]
  [0.   0.   0.   0.   0.   0.   0.   0.  ]
  [0.   0.   0.   0.   0.   0.   0.   0.  ]
  [0.   0.   0.   0.   0.   0.   0.   0.  ]
  [0.   0.   0.   0.   0.   0.   0.   0.  ]
  [0.   0.   0.   0.   0.   0.   0.   0.  ]
  [0.   0.   0.   0.   0.   0.   0.   0.  ]]

 [[0.   0.   0.   0.   0.   0.   0.   0.  ]
  [0.   0.   0.   0.   0.   0.   0.   0.  ]
  [0.   0.   0.   0.   0.   0.   0.   0.  ]
  [0.   0.   0.   0.   0.   0.   0.   0.  ]
  [0.   0.   0.   0.   0.   0.   0.   0.  ]
  [0.   0.   0.   0.   0.   0.   0.   0.  ]
  [1.   0.21 0.32 3.26 7.58 1.52 4.27 0.95]
  [0.   0.   0.   0.   0.   0.   0.   0.  ]
  [0.   0.   0.   0.   0.   0.   0.   0.  ]
  [0.   0.   0.   0.   0.   0.   0.   0.  ]
  [0.   0.   0.   0.   0.   0.   0.   0.  ]
  [0.   0.   0.   0.   0.   0.   0.   0.  ]
  [0.   0.   0.   0.   0.   0.   0.   0.  ]
  [0.   0.   0.   0.   0.   0.   0.   0.  ]
  [0.   0.   0.   0.   0.   0.   0.   0.  ]
  [0.   0.   0.   0.   0.   0.   0.   0.  ]
  [0.   0.   0.   0.   0.   0.   0.   0.  ]
  [0.   0.   0.   0.   0.   0.   0.   0.  ]
  [0.   0.   0.   0.   0.   0.   0.   0.  ]]

 [[0.   0.   0.   0.   0.   0.   0.   0.  ]
  [0.   0.   0.   0.   0.   0.   0.   0.  ]
  [0.   0.   0.   0.   0.   0.   0.   0.  ]
  [0.   0.   0.   0.   0.   0.   0.   0.  ]
  [0.   0.   0.   0.   0.   0.   0.   0.  ]
  [0.   0.   0.   0.   0.   0.   0.   0.  ]
  [0.   0.   0.   0.   0.   0.   0.   0.  ]
  [0.   0.   0.   0.   0.   0.   0.   0.  ]
  [0.   0.   0.   0.   0.   0.   0.   0.  ]
  [0.   0.   0.   0.   0.   0.   0.   0.  ]
  [0.   0.   0.   0.   0.   0.   0.   0.  ]
  [0.   0.   0.   0.   0.   0.   0.   0.  ]
  [0.   0.   0.   0.   0.   0.   0.   0.  ]
  [0.   0.   0.   0.   0.   0.   0.   0.  ]
  [0.   0.   0.   0.   0.   0.   0.   0.  ]
  [0.   0.   0.   0.   0.   0.   0.   0.  ]
  [0.   0.   0.   0.   0.   0.   0.   0.  ]
  [0.   0.   0.   0.   0.   0.   0.   0.  ]
  [0.   0.   0.   0.   0.   0.   0.   0.  ]]

 [[0.   0.   0.   0.   0.   0.   0.   0.  ]
  [0.   0.   0.   0.   0.   0.   0.   0.  ]
  [0.   0.   0.   0.   0.   0.   0.   0.  ]
  [0.   0.   0.   0.   0.   0.   0.   0.  ]
  [0.   0.   0.   0.   0.   0.   0.   0.  ]
  [0.   0.   0.   0.   0.   0.   0.   0.  ]
  [0.   0.   0.   0.   0.   0.   0.   0.  ]
  [0.   0.   0.   0.   0.   0.   0.   0.  ]
  [0.   0.   0.   0.   0.   0.   0.   0.  ]
  [0.   0.   0.   0.   0.   0.   0.   0.  ]
  [0.   0.   0.   0.   0.   0.   0.   0.  ]
  [0.   0.   0.   0.   0.   0.   0.   0.  ]
  [0.   0.   0.   0.   0.   0.   0.   0.  ]
  [0.   0.   0.   0.   0.   0.   0.   0.  ]
  [0.   0.   0.   0.   0.   0.   0.   0.  ]
  [0.   0.   0.   0.   0.   0.   0.   0.  ]
  [0.   0.   0.   0.   0.   0.   0.   0.  ]
  [0.   0.   0.   0.   0.   0.   0.   0.  ]
  [0.   0.   0.   0.   0.   0.   0.   0.  ]]

 [[0.   0.   0.   0.   0.   0.   0.   0.  ]
  [0.   0.   0.   0.   0.   0.   0.   0.  ]
  [0.   0.   0.   0.   0.   0.   0.   0.  ]
  [0.   0.   0.   0.   0.   0.   0.   0.  ]
  [0.   0.   0.   0.   0.   0.   0.   0.  ]
  [0.   0.   0.   0.   0.   0.   0.   0.  ]
  [0.   0.   0.   0.   0.   0.   0.   0.  ]
  [0.   0.   0.   0.   0.   0.   0.   0.  ]
  [0.   0.   0.   0.   0.   0.   0.   0.  ]
  [0.   0.   0.   0.   0.   0.   0.   0.  ]
  [0.   0.   0.   0.   0.   0.   0.   0.  ]
  [0.   0.   0.   0.   0.   0.   0.   0.  ]
  [0.   0.   0.   0.   0.   0.   0.   0.  ]
  [0.   0.   0.   0.   0.   0.   0.   0.  ]
  [0.   0.   0.   0.   0.   0.   0.   0.  ]
  [0.   0.   0.   0.   0.   0.   0.   0.  ]
  [0.   0.   0.   0.   0.   0.   0.   0.  ]
  [0.   0.   0.   0.   0.   0.   0.   0.  ]
  [0.   0.   0.   0.   0.   0.   0.   0.  ]]

 [[0.   0.   0.   0.   0.   0.   0.   0.  ]
  [0.   0.   0.   0.   0.   0.   0.   0.  ]
  [0.   0.   0.   0.   0.   0.   0.   0.  ]
  [0.   0.   0.   0.   0.   0.   0.   0.  ]
  [0.   0.   0.   0.   0.   0.   0.   0.  ]
  [0.   0.   0.   0.   0.   0.   0.   0.  ]
  [0.   0.   0.   0.   0.   0.   0.   0.  ]
  [0.   0.   0.   0.   0.   0.   0.   0.  ]
  [0.   0.   0.   0.   0.   0.   0.   0.  ]
  [0.   0.   0.   0.   0.   0.   0.   0.  ]
  [0.   0.   0.   0.   0.   0.   0.   0.  ]
  [0.   0.   0.   0.   0.   0.   0.   0.  ]
  [0.   0.   0.   0.   0.   0.   0.   0.  ]
  [0.   0.   0.   0.   0.   0.   0.   0.  ]
  [0.   0.   0.   0.   0.   0.   0.   0.  ]
  [0.   0.   0.   0.   0.   0.   0.   0.  ]
  [0.   0.   0.   0.   0.   0.   0.   0.  ]
  [0.   0.   0.   0.   0.   0.   0.   0.  ]
  [0.   0.   0.   0.   0.   0.   0.   0.  ]]

 [[0.   0.   0.   0.   0.   0.   0.   0.  ]
  [0.   0.   0.   0.   0.   0.   0.   0.  ]
  [0.   0.   0.   0.   0.   0.   0.   0.  ]
  [0.   0.   0.   0.   0.   0.   0.   0.  ]
  [0.   0.   0.   0.   0.   0.   0.   0.  ]
  [0.   0.   0.   0.   0.   0.   0.   0.  ]
  [0.   0.   0.   0.   0.   0.   0.   0.  ]
  [0.   0.   0.   0.   0.   0.   0.   0.  ]
  [0.   0.   0.   0.   0.   0.   0.   0.  ]
  [0.   0.   0.   0.   0.   0.   0.   0.  ]
  [0.   0.   0.   0.   0.   0.   0.   0.  ]
  [0.   0.   0.   0.   0.   0.   0.   0.  ]
  [0.   0.   0.   0.   0.   0.   0.   0.  ]
  [0.   0.   0.   0.   0.   0.   0.   0.  ]
  [0.   0.   0.   0.   0.   0.   0.   0.  ]
  [0.   0.   0.   0.   0.   0.   0.   0.  ]
  [0.   0.   0.   0.   0.   0.   0.   0.  ]
  [0.   0.   0.   0.   0.   0.   0.   0.  ]
  [0.   0.   0.   0.   0.   0.   0.   0.  ]]

 [[0.   0.   0.   0.   0.   0.   0.   0.  ]
  [0.   0.   0.   0.   0.   0.   0.   0.  ]
  [0.   0.   0.   0.   0.   0.   0.   0.  ]
  [0.   0.   0.   0.   0.   0.   0.   0.  ]
  [0.   0.   0.   0.   0.   0.   0.   0.  ]
  [0.   0.   0.   0.   0.   0.   0.   0.  ]
  [0.   0.   0.   0.   0.   0.   0.   0.  ]
  [0.   0.   0.   0.   0.   0.   0.   0.  ]
  [0.   0.   0.   0.   0.   0.   0.   0.  ]
  [0.   0.   0.   0.   0.   0.   0.   0.  ]
  [0.   0.   0.   0.   0.   0.   0.   0.  ]
  [0.   0.   0.   0.   0.   0.   0.   0.  ]
  [0.   0.   0.   0.   0.   0.   0.   0.  ]
  [0.   0.   0.   0.   0.   0.   0.   0.  ]
  [0.   0.   0.   0.   0.   0.   0.   0.  ]
  [0.   0.   0.   0.   0.   0.   0.   0.  ]
  [0.   0.   0.   0.   0.   0.   0.   0.  ]
  [0.   0.   0.   0.   0.   0.   0.   0.  ]
  [0.   0.   0.   0.   0.   0.   0.   0.  ]]

 [[0.   0.   0.   0.   0.   0.   0.   0.  ]
  [0.   0.   0.   0.   0.   0.   0.   0.  ]
  [0.   0.   0.   0.   0.   0.   0.   0.  ]
  [0.   0.   0.   0.   0.   0.   0.   0.  ]
  [0.   0.   0.   0.   0.   0.   0.   0.  ]
  [0.   0.   0.   0.   0.   0.   0.   0.  ]
  [0.   0.   0.   0.   0.   0.   0.   0.  ]
  [0.   0.   0.   0.   0.   0.   0.   0.  ]
  [0.   0.   0.   0.   0.   0.   0.   0.  ]
  [0.   0.   0.   0.   0.   0.   0.   0.  ]
  [0.   0.   0.   0.   0.   0.   0.   0.  ]
  [0.   0.   0.   0.   0.   0.   0.   0.  ]
  [0.   0.   0.   0.   0.   0.   0.   0.  ]
  [0.   0.   0.   0.   0.   0.   0.   0.  ]
  [0.   0.   0.   0.   0.   0.   0.   0.  ]
  [0.   0.   0.   0.   0.   0.   0.   0.  ]
  [0.   0.   0.   0.   0.   0.   0.   0.  ]
  [0.   0.   0.   0.   0.   0.   0.   0.  ]
  [0.   0.   0.   0.   0.   0.   0.   0.  ]]

 [[0.   0.   0.   0.   0.   0.   0.   0.  ]
  [0.   0.   0.   0.   0.   0.   0.   0.  ]
  [0.   0.   0.   0.   0.   0.   0.   0.  ]
  [0.   0.   0.   0.   0.   0.   0.   0.  ]
  [0.   0.   0.   0.   0.   0.   0.   0.  ]
  [0.   0.   0.   0.   0.   0.   0.   0.  ]
  [0.   0.   0.   0.   0.   0.   0.   0.  ]
  [0.   0.   0.   0.   0.   0.   0.   0.  ]
  [0.   0.   0.   0.   0.   0.   0.   0.  ]
  [0.   0.   0.   0.   0.   0.   0.   0.  ]
  [0.   0.   0.   0.   0.   0.   0.   0.  ]
  [0.   0.   0.   0.   0.   0.   0.   0.  ]
  [0.   0.   0.   0.   0.   0.   0.   0.  ]
  [0.   0.   0.   0.   0.   0.   0.   0.  ]
  [0.   0.   0.   0.   0.   0.   0.   0.  ]
  [0.   0.   0.   0.   0.   0.   0.   0.  ]
  [0.   0.   0.   0.   0.   0.   0.   0.  ]
  [0.   0.   0.   0.   0.   0.   0.   0.  ]
  [0.   0.   0.   0.   0.   0.   0.   0.  ]]

 [[0.   0.   0.   0.   0.   0.   0.   0.  ]
  [0.   0.   0.   0.   0.   0.   0.   0.  ]
  [0.   0.   0.   0.   0.   0.   0.   0.  ]
  [0.   0.   0.   0.   0.   0.   0.   0.  ]
  [0.   0.   0.   0.   0.   0.   0.   0.  ]
  [0.   0.   0.   0.   0.   0.   0.   0.  ]
  [0.   0.   0.   0.   0.   0.   0.   0.  ]
  [0.   0.   0.   0.   0.   0.   0.   0.  ]
  [0.   0.   0.   0.   0.   0.   0.   0.  ]
  [0.   0.   0.   0.   0.   0.   0.   0.  ]
  [0.   0.   0.   0.   0.   0.   0.   0.  ]
  [0.   0.   0.   0.   0.   0.   0.   0.  ]
  [0.   0.   0.   0.   0.   0.   0.   0.  ]
  [0.   0.   0.   0.   0.   0.   0.   0.  ]
  [0.   0.   0.   0.   0.   0.   0.   0.  ]
  [0.   0.   0.   0.   0.   0.   0.   0.  ]
  [0.   0.   0.   0.   0.   0.   0.   0.  ]
  [0.   0.   0.   0.   0.   0.   0.   0.  ]
  [0.   0.   0.   0.   0.   0.   0.   0.  ]]

 [[0.   0.   0.   0.   0.   0.   0.   0.  ]
  [0.   0.   0.   0.   0.   0.   0.   0.  ]
  [0.   0.   0.   0.   0.   0.   0.   0.  ]
  [0.   0.   0.   0.   0.   0.   0.   0.  ]
  [0.   0.   0.   0.   0.   0.   0.   0.  ]
  [0.   0.   0.   0.   0.   0.   0.   0.  ]
  [0.   0.   0.   0.   0.   0.   0.   0.  ]
  [0.   0.   0.   0.   0.   0.   0.   0.  ]
  [0.   0.   0.   0.   0.   0.   0.   0.  ]
  [0.   0.   0.   0.   0.   0.   0.   0.  ]
  [0.   0.   0.   0.   0.   0.   0.   0.  ]
  [0.   0.   0.   0.   0.   0.   0.   0.  ]
  [0.   0.   0.   0.   0.   0.   0.   0.  ]
  [0.   0.   0.   0.   0.   0.   0.   0.  ]
  [0.   0.   0.   0.   0.   0.   0.   0.  ]
  [0.   0.   0.   0.   0.   0.   0.   0.  ]
  [0.   0.   0.   0.   0.   0.   0.   0.  ]
  [0.   0.   0.   0.   0.   0.   0.   0.  ]
  [0.   0.   0.   0.   0.   0.   0.   0.  ]]]