[[[0.   0.   0.   0.   0.   0.   0.   0.  ]
  [0.   0.   0.   0.   0.   0.   0.   0.  ]
  [0.   0.   0.   0.   0.   0.   0.   0.  ]
  [0.   0.   0.   0.   0.   0.   0.   0.  ]
  [0.   0.   0.   0.   0.   0.   0.   0.  ]
  [0.   0.   0.   0.   0.   0.   0.   0.  ]
  [0.   0.   0.   0.   0.   0.   0.   0.  ]
  [0.   0.   0.   0.   0.   0.   0.   0.  ]
  [0.   0.   0.   0.   0.   0.   0.   0.  ]
  [0.   0.   0.   0.   0.   0.   0.   0.  ]
  [0.   0.   0.   0.   0.   0.   0.   0.  ]
  [0.   0.   0.   0.   0.   0.   0.   0.  ]
  [0.   0.   0.   0.   0.   0.   0.   0.  ]
  [0.   0.   0.   0.   0.   0.   0.   0.  ]
  [0.   0.   0.   0.   0.   0.   0.   0.  ]
  [0.   0.   0.   0.   0.   0.   0.   0.  ]
  [0.   0.   0.   0.   0.   0.   0.   0.  ]
  [0.   0.   0.   0.   0.   0.   0.   0.  ]
  [0.   0.   0.   0.   0.   0.   0.   0.  ]]

 [[0.   0.   0.   0.   0.   0.   0.   0.  ]
  [0.   0.   0.   0.   0.   0.   0.   0.  ]
  [0.   0.   0.   0.   0.   0.   0.   0.  ]
  [0.   0.   0.   0.   0.   0.   0.   0.  ]
  [0.   0.   0.   0.   0.   0.   0.   0.  ]
  [0.   0.   0.   0.   0.   0.   0.   0.  ]
  [0.   0.   0.   0.   0.   0.   0.   0.  ]
  [0.   0.   0.   0.   0.   0.   0.   0.  ]
  [0.   0.   0.   0.   0.   0.   0.   0.  ]
  [0.   0.   0.   0.   0.   0.   0.   0.  ]
  [0.   0.   0.   0.   0.   0.   0.   0.  ]
  [0.   0.   0.   0.   0.   0.   0.   0.  ]
  [0.   0.   0.   0.   0.   0.   0.   0.  ]
  [0.   0.   0.   0.   0.   0.   0.   0.  ]
  [0.   0.   0.   0.   0.   0.   0.   0.  ]
  [0.   0.   0.   0.   0.   0.   0.   0.  ]
  [0.   0.   0.   0.   0.   0.   0.   0.  ]
  [0.   0.   0.   0.   0.   0.   0.   0.  ]
  [0.   0.   0.   0.   0.   0.   0.   0.  ]]

 [[0.   0.   0.   0.   0.   0.   0.   0.  ]
  [0.   0.   0.   0.   0.   0.   0.   0.  ]
  [0.   0.   0.   0.   0.   0.   0.   0.  ]
  [0.   0.   0.   0.   0.   0.   0.   0.  ]
  [0.   0.   0.   0.   0.   0.   0.   0.  ]
  [0.   0.   0.   0.   0.   0.   0.   0.  ]
  [0.   0.   0.   0.   0.   0.   0.   0.  ]
  [0.   0.   0.   0.   0.   0.   0.   0.  ]
  [0.   0.   0.   0.   0.   0.   0.   0.  ]
  [0.   0.   0.   0.   0.   0.   0.   0.  ]
  [0.   0.   0.   0.   0.   0.   0.   0.  ]
  [0.   0.   0.   0.   0.   0.   0.   0.  ]
  [0.   0.   0.   0.   0.   0.   0.   0.  ]
  [0.   0.   0.   0.   0.   0.   0.   0.  ]
  [0.   0.   0.   0.   0.   0.   0.   0.  ]
  [0.   0.   0.   0.   0.   0.   0.   0.  ]
  [0.   0.   0.   0.   0.   0.   0.   0.  ]
  [0.   0.   0.   0.   0.   0.   0.   0.  ]
  [0.   0.   0.   0.   0.   0.   0.   0.  ]]

 [[0.   0.   0.   0.   0.   0.   0.   0.  ]
  [0.   0.   0.   0.   0.   0.   0.   0.  ]
  [0.   0.   0.   0.   0.   0.   0.   0.  ]
  [0.   0.   0.   0.   0.   0.   0.   0.  ]
  [0.   0.   0.   0.   0.   0.   0.   0.  ]
  [1.   0.11 0.37 2.47 7.58 1.51 4.27 0.99]
  [0.   0.   0.   0.   0.   0.   0.   0.  ]
  [0.   0.   0.   0.   0.   0.   0.   0.  ]
  [0.   0.   0.   0.   0.   0.   0.   0.  ]
  [0.   0.   0.   0.   0.   0.   0.   0.  ]
  [0.   0.   0.   0.   0.   0.   0.   0.  ]
  [0.   0.   0.   0.   0.   0.   0.   0.  ]
  [0.   0.   0.   0.   0.   0.   0.   0.  ]
  [0.   0.   0.   0.   0.   0.   0.   0.  ]
  [0.   0.   0.   0.   0.   0.   0.   0.  ]
  [0.   0.   0.   0.   0.   0.   0.   0.  ]
  [0.   0.   0.   0.   0.   0.   0.   0.  ]
  [0.   0.   0.   0.   0.   0.   0.   0.  ]
  [0.   0.   0.   0.   0.   0.   0.   0.  ]]

 [[0.   0.   0.   0.   0.   0.   0.   0.  ]
  [0.   0.   0.   0.   0.   0.   0.   0.  ]
  [0.   0.   0.   0.   0.   0.   0.   0.  ]
  [0.   0.   0.   0.   0.   0.   0.   0.  ]
  [0.   0.   0.   0.   0.   0.   0.   0.  ]
  [0.   0.   0.   0.   0.   0.   0.   0.  ]
  [0.   0.   0.   0.   0.   0.   0.   0.  ]
  [0.   0.   0.   0.   0.   0.   0.   0.  ]
  [0.   0.   0.   0.   0.   0.   0.   0.  ]
  [0.   0.   0.   0.   0.   0.   0.   0.  ]
  [0.   0.   0.   0.   0.   0.   0.   0.  ]
  [0.   0.   0.   0.   0.   0.   0.   0.  ]
  [0.   0.   0.   0.   0.   0.   0.   0.  ]
  [0.   0.   0.   0.   0.   0.   0.   0.  ]
  [0.   0.   0.   0.   0.   0.   0.   0.  ]
  [0.   0.   0.   0.   0.   0.   0.   0.  ]
  [0.   0.   0.   0.   0.   0.   0.   0.  ]
  [0.   0.   0.   0.   0.   0.   0.   0.  ]
  [0.   0.   0.   0.   0.   0.   0.   0.  ]]

 [[0.   0.   0.   0.   0.   0.   0.   0.  ]
  [0.   0.   0.   0.   0.   0.   0.   0.  ]
  [0.   0.   0.   0.   0.   0.   0.   0.  ]
  [0.   0.   0.   0.   0.   0.   0.   0.  ]
  [0.   0.   0.   0.   0.   0.   0.   0.  ]
  [0.   0.   0.   0.   0.   0.   0.   0.  ]
  [0.   0.   0.   0.   0.   0.   0.   0.  ]
  [0.   0.   0.   0.   0.   0.   0.   0.  ]
  [0.   0.   0.   0.   0.   0.   0.   0.  ]
  [0.   0.   0.   0.   0.   0.   0.   0.  ]
  [0.   0.   0.   0.   0.   0.   0.   0.  ]
  [0.   0.   0.   0.   0.   0.   0.   0.  ]
  [0.   0.   0.   0.   0.   0.   0.   0.  ]
  [0.   0.   0.   0.   0.   0.   0.   0.  ]
  [0.   0.   0.   0.   0.   0.   0.   0.  ]
  [0.   0.   0.   0.   0.   0.   0.   0.  ]
  [0.   0.   0.   0.   0.   0.   0.   0.  ]
  [0.   0.   0.   0.   0.   0.   0.   0.  ]
  [0.   0.   0.   0.   0.   0.   0.   0.  ]]

 [[0.   0.   0.   0.   0.   0.   0.   0.  ]
  [0.   0.   0.   0.   0.   0.   0.   0.  ]
  [0.   0.   0.   0.   0.   0.   0.   0.  ]
  [0.   0.   0.   0.   0.   0.   0.   0.  ]
  [0.   0.   0.   0.   0.   0.   0.   0.  ]
  [0.   0.   0.   0.   0.   0.   0.   0.  ]
  [0.   0.   0.   0.   0.   0.   0.   0.  ]
  [0.   0.   0.   0.   0.   0.   0.   0.  ]
  [0.   0.   0.   0.   0.   0.   0.   0.  ]
  [0.   0.   0.   0.   0.   0.   0.   0.  ]
  [0.   0.   0.   0.   0.   0.   0.   0.  ]
  [0.   0.   0.   0.   0.   0.   0.   0.  ]
  [0.   0.   0.   0.   0.   0.   0.   0.  ]
  [0.   0.   0.   0.   0.   0.   0.   0.  ]
  [0.   0.   0.   0.   0.   0.   0.   0.  ]
  [0.   0.   0.   0.   0.   0.   0.   0.  ]
  [0.   0.   0.   0.   0.   0.   0.   0.  ]
  [0.   0.   0.   0.   0.   0.   0.   0.  ]
  [0.   0.   0.   0.   0.   0.   0.   0.  ]]

 [[0.   0.   0.   0.   0.   0.   0.   0.  ]
  [0.   0.   0.   0.   0.   0.   0.   0.  ]
  [0.   0.   0.   0.   0.   0.   0.   0.  ]
  [0.   0.   0.   0.   0.   0.   0.   0.  ]
  [0.   0.   0.   0.   0.   0.   0.   0.  ]
  [0.   0.   0.   0.   0.   0.   0.   0.  ]
  [0.   0.   0.   0.   0.   0.   0.   0.  ]
  [0.   0.   0.   0.   0.   0.   0.   0.  ]
  [0.   0.   0.   0.   0.   0.   0.   0.  ]
  [0.   0.   0.   0.   0.   0.   0.   0.  ]
  [0.   0.   0.   0.   0.   0.   0.   0.  ]
  [0.   0.   0.   0.   0.   0.   0.   0.  ]
  [0.   0.   0.   0.   0.   0.   0.   0.  ]
  [0.   0.   0.   0.   0.   0.   0.   0.  ]
  [0.   0.   0.   0.   0.   0.   0.   0.  ]
  [0.   0.   0.   0.   0.   0.   0.   0.  ]
  [0.   0.   0.   0.   0.   0.   0.   0.  ]
  [0.   0.   0.   0.   0.   0.   0.   0.  ]
  [0.   0.   0.   0.   0.   0.   0.   0.  ]]

 [[0.   0.   0.   0.   0.   0.   0.   0.  ]
  [0.   0.   0.   0.   0.   0.   0.   0.  ]
  [0.   0.   0.   0.   0.   0.   0.   0.  ]
  [0.   0.   0.   0.   0.   0.   0.   0.  ]
  [0.   0.   0.   0.   0.   0.   0.   0.  ]
  [0.   0.   0.   0.   0.   0.   0.   0.  ]
  [1.   0.95 0.11 3.95 9.58 1.51 4.27 0.99]
  [0.   0.   0.   0.   0.   0.   0.   0.  ]
  [0.   0.   0.   0.   0.   0.   0.   0.  ]
  [0.   0.   0.   0.   0.   0.   0.   0.  ]
  [0.   0.   0.   0.   0.   0.   0.   0.  ]
  [0.   0.   0.   0.   0.   0.   0.   0.  ]
  [0.   0.   0.   0.   0.   0.   0.   0.  ]
  [0.   0.   0.   0.   0.   0.   0.   0.  ]
  [0.   0.   0.   0.   0.   0.   0.   0.  ]
  [0.   0.   0.   0.   0.   0.   0.   0.  ]
  [0.   0.   0.   0.   0.   0.   0.   0.  ]
  [0.   0.   0.   0.   0.   0.   0.   0.  ]
  [0.   0.   0.   0.   0.   0.   0.   0.  ]]

 [[0.   0.   0.   0.   0.   0.   0.   0.  ]
  [0.   0.   0.   0.   0.   0.   0.   0.  ]
  [0.   0.   0.   0.   0.   0.   0.   0.  ]
  [0.   0.   0.   0.   0.   0.   0.   0.  ]
  [0.   0.   0.   0.   0.   0.   0.   0.  ]
  [0.   0.   0.   0.   0.   0.   0.   0.  ]
  [0.   0.   0.   0.   0.   0.   0.   0.  ]
  [0.   0.   0.   0.   0.   0.   0.   0.  ]
  [0.   0.   0.   0.   0.   0.   0.   0.  ]
  [0.   0.   0.   0.   0.   0.   0.   0.  ]
  [0.   0.   0.   0.   0.   0.   0.   0.  ]
  [0.   0.   0.   0.   0.   0.   0.   0.  ]
  [0.   0.   0.   0.   0.   0.   0.   0.  ]
  [0.   0.   0.   0.   0.   0.   0.   0.  ]
  [0.   0.   0.   0.   0.   0.   0.   0.  ]
  [0.   0.   0.   0.   0.   0.   0.   0.  ]
  [0.   0.   0.   0.   0.   0.   0.   0.  ]
  [0.   0.   0.   0.   0.   0.   0.   0.  ]
  [0.   0.   0.   0.   0.   0.   0.   0.  ]]

 [[0.   0.   0.   0.   0.   0.   0.   0.  ]
  [0.   0.   0.   0.   0.   0.   0.   0.  ]
  [0.   0.   0.   0.   0.   0.   0.   0.  ]
  [0.   0.   0.   0.   0.   0.   0.   0.  ]
  [0.   0.   0.   0.   0.   0.   0.   0.  ]
  [0.   0.   0.   0.   0.   0.   0.   0.  ]
  [0.   0.   0.   0.   0.   0.   0.   0.  ]
  [0.   0.   0.   0.   0.   0.   0.   0.  ]
  [0.   0.   0.   0.   0.   0.   0.   0.  ]
  [0.   0.   0.   0.   0.   0.   0.   0.  ]
  [0.   0.   0.   0.   0.   0.   0.   0.  ]
  [0.   0.   0.   0.   0.   0.   0.   0.  ]
  [0.   0.   0.   0.   0.   0.   0.   0.  ]
  [0.   0.   0.   0.   0.   0.   0.   0.  ]
  [0.   0.   0.   0.   0.   0.   0.   0.  ]
  [0.   0.   0.   0.   0.   0.   0.   0.  ]
  [0.   0.   0.   0.   0.   0.   0.   0.  ]
  [0.   0.   0.   0.   0.   0.   0.   0.  ]
  [0.   0.   0.   0.   0.   0.   0.   0.  ]]

 [[0.   0.   0.   0.   0.   0.   0.   0.  ]
  [0.   0.   0.   0.   0.   0.   0.   0.  ]
  [0.   0.   0.   0.   0.   0.   0.   0.  ]
  [0.   0.   0.   0.   0.   0.   0.   0.  ]
  [0.   0.   0.   0.   0.   0.   0.   0.  ]
  [0.   0.   0.   0.   0.   0.   0.   0.  ]
  [0.   0.   0.   0.   0.   0.   0.   0.  ]
  [0.   0.   0.   0.   0.   0.   0.   0.  ]
  [0.   0.   0.   0.   0.   0.   0.   0.  ]
  [0.   0.   0.   0.   0.   0.   0.   0.  ]
  [0.   0.   0.   0.   0.   0.   0.   0.  ]
  [0.   0.   0.   0.   0.   0.   0.   0.  ]
  [0.   0.   0.   0.   0.   0.   0.   0.  ]
  [0.   0.   0.   0.   0.   0.   0.   0.  ]
  [0.   0.   0.   0.   0.   0.   0.   0.  ]
  [0.   0.   0.   0.   0.   0.   0.   0.  ]
  [0.   0.   0.   0.   0.   0.   0.   0.  ]
  [0.   0.   0.   0.   0.   0.   0.   0.  ]
  [0.   0.   0.   0.   0.   0.   0.   0.  ]]

 [[0.   0.   0.   0.   0.   0.   0.   0.  ]
  [0.   0.   0.   0.   0.   0.   0.   0.  ]
  [0.   0.   0.   0.   0.   0.   0.   0.  ]
  [0.   0.   0.   0.   0.   0.   0.   0.  ]
  [0.   0.   0.   0.   0.   0.   0.   0.  ]
  [0.   0.   0.   0.   0.   0.   0.   0.  ]
  [0.   0.   0.   0.   0.   0.   0.   0.  ]
  [0.   0.   0.   0.   0.   0.   0.   0.  ]
  [0.   0.   0.   0.   0.   0.   0.   0.  ]
  [0.   0.   0.   0.   0.   0.   0.   0.  ]
  [0.   0.   0.   0.   0.   0.   0.   0.  ]
  [0.   0.   0.   0.   0.   0.   0.   0.  ]
  [0.   0.   0.   0.   0.   0.   0.   0.  ]
  [0.   0.   0.   0.   0.   0.   0.   0.  ]
  [0.   0.   0.   0.   0.   0.   0.   0.  ]
  [0.   0.   0.   0.   0.   0.   0.   0.  ]
  [0.   0.   0.   0.   0.   0.   0.   0.  ]
  [0.   0.   0.   0.   0.   0.   0.   0.  ]
  [0.   0.   0.   0.   0.   0.   0.   0.  ]]

 [[0.   0.   0.   0.   0.   0.   0.   0.  ]
  [0.   0.   0.   0.   0.   0.   0.   0.  ]
  [0.   0.   0.   0.   0.   0.   0.   0.  ]
  [0.   0.   0.   0.   0.   0.   0.   0.  ]
  [0.   0.   0.   0.   0.   0.   0.   0.  ]
  [0.   0.   0.   0.   0.   0.   0.   0.  ]
  [0.   0.   0.   0.   0.   0.   0.   0.  ]
  [0.   0.   0.   0.   0.   0.   0.   0.  ]
  [0.   0.   0.   0.   0.   0.   0.   0.  ]
  [0.   0.   0.   0.   0.   0.   0.   0.  ]
  [0.   0.   0.   0.   0.   0.   0.   0.  ]
  [0.   0.   0.   0.   0.   0.   0.   0.  ]
  [0.   0.   0.   0.   0.   0.   0.   0.  ]
  [0.   0.   0.   0.   0.   0.   0.   0.  ]
  [0.   0.   0.   0.   0.   0.   0.   0.  ]
  [0.   0.   0.   0.   0.   0.   0.   0.  ]
  [0.   0.   0.   0.   0.   0.   0.   0.  ]
  [0.   0.   0.   0.   0.   0.   0.   0.  ]
  [0.   0.   0.   0.   0.   0.   0.   0.  ]]

 [[0.   0.   0.   0.   0.   0.   0.   0.  ]
  [0.   0.   0.   0.   0.   0.   0.   0.  ]
  [0.   0.   0.   0.   0.   0.   0.   0.  ]
  [0.   0.   0.   0.   0.   0.   0.   0.  ]
  [0.   0.   0.   0.   0.   0.   0.   0.  ]
  [0.   0.   0.   0.   0.   0.   0.   0.  ]
  [0.   0.   0.   0.   0.   0.   0.   0.  ]
  [0.   0.   0.   0.   0.   0.   0.   0.  ]
  [0.   0.   0.   0.   0.   0.   0.   0.  ]
  [0.   0.   0.   0.   0.   0.   0.   0.  ]
  [0.   0.   0.   0.   0.   0.   0.   0.  ]
  [0.   0.   0.   0.   0.   0.   0.   0.  ]
  [0.   0.   0.   0.   0.   0.   0.   0.  ]
  [0.   0.   0.   0.   0.   0.   0.   0.  ]
  [0.   0.   0.   0.   0.   0.   0.   0.  ]
  [0.   0.   0.   0.   0.   0.   0.   0.  ]
  [0.   0.   0.   0.   0.   0.   0.   0.  ]
  [0.   0.   0.   0.   0.   0.   0.   0.  ]
  [0.   0.   0.   0.   0.   0.   0.   0.  ]]

 [[0.   0.   0.   0.   0.   0.   0.   0.  ]
  [0.   0.   0.   0.   0.   0.   0.   0.  ]
  [0.   0.   0.   0.   0.   0.   0.   0.  ]
  [0.   0.   0.   0.   0.   0.   0.   0.  ]
  [0.   0.   0.   0.   0.   0.   0.   0.  ]
  [0.   0.   0.   0.   0.   0.   0.   0.  ]
  [0.   0.   0.   0.   0.   0.   0.   0.  ]
  [0.   0.   0.   0.   0.   0.   0.   0.  ]
  [0.   0.   0.   0.   0.   0.   0.   0.  ]
  [0.   0.   0.   0.   0.   0.   0.   0.  ]
  [0.   0.   0.   0.   0.   0.   0.   0.  ]
  [0.   0.   0.   0.   0.   0.   0.   0.  ]
  [0.   0.   0.   0.   0.   0.   0.   0.  ]
  [0.   0.   0.   0.   0.   0.   0.   0.  ]
  [0.   0.   0.   0.   0.   0.   0.   0.  ]
  [0.   0.   0.   0.   0.   0.   0.   0.  ]
  [0.   0.   0.   0.   0.   0.   0.   0.  ]
  [0.   0.   0.   0.   0.   0.   0.   0.  ]
  [0.   0.   0.   0.   0.   0.   0.   0.  ]]

 [[0.   0.   0.   0.   0.   0.   0.   0.  ]
  [0.   0.   0.   0.   0.   0.   0.   0.  ]
  [0.   0.   0.   0.   0.   0.   0.   0.  ]
  [0.   0.   0.   0.   0.   0.   0.   0.  ]
  [0.   0.   0.   0.   0.   0.   0.   0.  ]
  [0.   0.   0.   0.   0.   0.   0.   0.  ]
  [0.   0.   0.   0.   0.   0.   0.   0.  ]
  [0.   0.   0.   0.   0.   0.   0.   0.  ]
  [0.   0.   0.   0.   0.   0.   0.   0.  ]
  [0.   0.   0.   0.   0.   0.   0.   0.  ]
  [0.   0.   0.   0.   0.   0.   0.   0.  ]
  [0.   0.   0.   0.   0.   0.   0.   0.  ]
  [0.   0.   0.   0.   0.   0.   0.   0.  ]
  [0.   0.   0.   0.   0.   0.   0.   0.  ]
  [0.   0.   0.   0.   0.   0.   0.   0.  ]
  [0.   0.   0.   0.   0.   0.   0.   0.  ]
  [0.   0.   0.   0.   0.   0.   0.   0.  ]
  [0.   0.   0.   0.   0.   0.   0.   0.  ]
  [0.   0.   0.   0.   0.   0.   0.   0.  ]]

 [[0.   0.   0.   0.   0.   0.   0.   0.  ]
  [0.   0.   0.   0.   0.   0.   0.   0.  ]
  [0.   0.   0.   0.   0.   0.   0.   0.  ]
  [0.   0.   0.   0.   0.   0.   0.   0.  ]
  [0.   0.   0.   0.   0.   0.   0.   0.  ]
  [0.   0.   0.   0.   0.   0.   0.   0.  ]
  [0.   0.   0.   0.   0.   0.   0.   0.  ]
  [0.   0.   0.   0.   0.   0.   0.   0.  ]
  [0.   0.   0.   0.   0.   0.   0.   0.  ]
  [0.   0.   0.   0.   0.   0.   0.   0.  ]
  [0.   0.   0.   0.   0.   0.   0.   0.  ]
  [0.   0.   0.   0.   0.   0.   0.   0.  ]
  [0.   0.   0.   0.   0.   0.   0.   0.  ]
  [0.   0.   0.   0.   0.   0.   0.   0.  ]
  [0.   0.   0.   0.   0.   0.   0.   0.  ]
  [0.   0.   0.   0.   0.   0.   0.   0.  ]
  [0.   0.   0.   0.   0.   0.   0.   0.  ]
  [0.   0.   0.   0.   0.   0.   0.   0.  ]
  [0.   0.   0.   0.   0.   0.   0.   0.  ]]

 [[0.   0.   0.   0.   0.   0.   0.   0.  ]
  [0.   0.   0.   0.   0.   0.   0.   0.  ]
  [0.   0.   0.   0.   0.   0.   0.   0.  ]
  [0.   0.   0.   0.   0.   0.   0.   0.  ]
  [0.   0.   0.   0.   0.   0.   0.   0.  ]
  [0.   0.   0.   0.   0.   0.   0.   0.  ]
  [0.   0.   0.   0.   0.   0.   0.   0.  ]
  [0.   0.   0.   0.   0.   0.   0.   0.  ]
  [0.   0.   0.   0.   0.   0.   0.   0.  ]
  [0.   0.   0.   0.   0.   0.   0.   0.  ]
  [0.   0.   0.   0.   0.   0.   0.   0.  ]
  [0.   0.   0.   0.   0.   0.   0.   0.  ]
  [0.   0.   0.   0.   0.   0.   0.   0.  ]
  [0.   0.   0.   0.   0.   0.   0.   0.  ]
  [0.   0.   0.   0.   0.   0.   0.   0.  ]
  [0.   0.   0.   0.   0.   0.   0.   0.  ]
  [0.   0.   0.   0.   0.   0.   0.   0.  ]
  [0.   0.   0.   0.   0.   0.   0.   0.  ]
  [0.   0.   0.   0.   0.   0.   0.   0.  ]]]